             10            992      -4446.347
             20           1968      -2902.490
             30           2893      -5301.207
             40           3878      -7036.408
             50           4832      -6458.623
             60           5763      -5703.965
             70           6763      -5853.500
             80           7605      -5935.630
             90           8533      -5691.794
            100           9533      -5797.555
            110          10435      -6050.079
            120          11363      -6050.051
            130          12336      -5667.890
            140          13329      -5768.277
            150          14271      -5335.925
            160          15271      -5796.131
            170          16207      -6072.413
            180          17152      -6211.694
            190          18152      -5776.229
            200          19121      -6488.891
            210          20121      -6146.252
            220          21040      -5325.118
            230          21991      -6242.057
            240          22991      -6103.135
            250          23927      -5156.225
            260          24919      -6362.654
            270          25919      -4429.936
            280          26845      -5970.212
            290          27828      -4934.802
            300          28781      -6170.874
            310          29777      -6008.171
            320          30756      -5804.346
            330          31756      -4318.763
            340          32691      -6864.544
            350          33691      -6660.473
            360          34633      -6215.636
            370          35614      -6250.233
            380          36614      -6028.436
            390          37581      -5864.885
            400          38581      -7094.796
            410          39581      -6229.446
            420          40581      -5649.701
            430          41495      -5043.477
            440          42436      -6179.254
            450          43436      -6708.222
            460          44426      -5609.722
            470          45393      -5106.862
            480          46393      -6378.438
            490          47386      -6993.256
            500          48363      -6559.282
            510          49363      -5871.177
            520          50333      -6385.675
            530          51333      -6661.497
            540          52333      -5311.434
            550          53266      -6697.289
            560          54266      -6506.293
            570          55228      -5578.284
            580          56191      -5794.504
            590          57183      -6675.030
            600          58156      -6013.623
            610          59126      -5567.524
            620          60068      -5531.369
            630          61056      -5493.314
            640          62028      -7455.710
            650          63028      -5696.397
            660          64025      -5728.907
            670          64959      -5961.681
            680          65944      -6146.129
            690          66864      -5582.085
            700          67864      -4604.085
            710          68858      -8359.136
            720          69826      -5682.947
            730          70792      -6338.649
            740          71792      -6780.161
            750          72792      -6024.958
            760          73761      -6144.062
            770          74750      -7084.535
            780          75695      -7779.423
            790          76695      -5769.624
            800          77695      -9058.277
            810          78695      -6678.077
            820          79695      -6517.862
            830          80630      -6156.522
            840          81611      -6101.574
            850          82611      -6120.808
            860          83571      -6733.853
            870          84550      -6135.915
            880          85546      -6616.071
            890          86538      -7742.719
            900          87492      -5993.307
            910          88460      -5897.776
            920          89452      -6298.259
            930          90424      -8349.895
            940          91321      -5889.260
            950          92183      -5399.047
            960          93183      -6272.158
            970          94112      -6298.617
            980          95047      -6449.163
            990          95958      -6659.223
           1000          96888      -6825.220
           1010          97833      -4138.019
           1020          98815      -6056.206
           1030          99729      -4312.071
           1040         100621      -6261.064
           1050         101584      -5439.552
           1060         102468      -5491.877
           1070         103440      -5667.355
           1080         104415      -5553.301
           1090         105280      -5773.172
           1100         106157      -4257.020
           1110         107077      -4490.527
           1120         108036      -4217.858
           1130         108991      -5769.801
           1140         109887      -5622.178
           1150         110846      -5076.505
           1160         111818      -4228.066
           1170         112719      -3492.551
           1180         113666      -5459.070
           1190         114641      -4934.802
           1200         115580      -4029.619
           1210         116400      -6716.010
           1220         117373      -5765.721
           1230         118346      -2530.617
           1240         119284      -5096.510
           1250         120145      -6203.839
           1260         121059      -6132.660
           1270         122022      -7259.120
           1280         122886      -5198.824
           1290         123824      -3437.699
           1300         124745      -2687.911
           1310         125639      -6206.258
           1320         126441      -6886.573
           1330         127360      -4802.092
           1340         128247      -4169.661
           1350         129156      -4777.119
           1360         130107      -5935.663
           1370         130971      -5178.878
           1380         131865      -6502.074
           1390         132731      -4934.802
           1400         133552      -5666.477
           1410         134375      -2534.500
           1420         135171      -6876.609
           1430         136076      -3160.931
           1440         136996      -6909.535
           1450         137788      -4486.955
           1460         138686      -2334.258
           1470         139547      -5987.374
           1480         140355      -3930.029
           1490         141192      -6010.203
           1500         142044      -5203.641
           1510         142795      -4043.142
           1520         143709      -6564.085
           1530         144563      -3837.455
           1540         145461      -4240.014
           1550         146323      -5008.179
           1560         147171      -5559.789
           1570         147926      -1996.629
           1580         148720      -7991.285
           1590         149614      -4789.578
           1600         150485      -5454.733
           1610         151381      -5144.808
           1620         152281      -6932.962
           1630         153090      -5807.850
           1640         153989      -6079.686
           1650         154745      -5172.004
           1660         155594      -4261.011
           1670         156444      -5410.939
           1680         157378      -4637.758
           1690         158123      -3158.637
           1700         158790      -5041.425
           1710         159706      -5468.796
           1720         160588      -7907.667
           1730         161410      -5405.972
           1740         162314      -2978.814
           1750         163089      -2504.732
           1760         163884      -4544.084
           1770         164679      -2886.337
           1780         165540      -2220.774
           1790         166360      -5215.988
           1800         167186      -4639.860
           1810         168081      -4484.208
           1820         168880      -5658.766
           1830         169585      -6184.544
           1840         170399      -2628.161
           1850         171037      -7464.228
           1860         171706      -5849.921
           1870         172543      -2057.122
           1880         173320      -2742.440
           1890         174080      -3421.639
           1900         174887      -5219.783
           1910         175765      -2310.319
           1920         176625      -2035.187
           1930         177370      -2507.430
           1940         178100      -3181.520
           1950         178844      -3125.675
           1960         179616      -2350.728
           1970         180341      -3858.557
           1980         181167      -2167.099
           1990         181934      -4881.975
           2000         182792      -5161.143
           2010         183644      -2643.838
           2020         184484      -5887.685
           2030         185321      -3964.108
           2040         186116      -2722.839
           2050         186856      -2161.588
           2060         187601      -2344.798
           2070         188309      -3638.038
           2080         189091      -2003.914
           2090         189878      -3108.164
           2100         190636      -2946.316
           2110         191453      -4841.093
           2120         192306      -2473.880
           2130         193092      -3555.613
           2140         193877      -5420.387
           2150         194702      -5170.487
           2160         195481      -2547.971
           2170         196322      -4934.802
           2180         197161      -1749.502
           2190         198015      -1832.059
           2200         198994      -3250.132
           2210         199851      -1682.323
           2220         200670      -1678.507
           2230         201555      -2096.727
           2240         202541      -1796.393
           2250         203283      -2331.257
           2260         204238      -1852.775
           2270         205036      -2929.280
           2280         205837      -3498.652
           2290         206652      -2895.269
           2300         207556      -3062.819
           2310         208415      -1246.169
           2320         209320      -4934.802
           2330         210238      -4728.762
           2340         211076      -3101.307
           2350         211946      -6938.629
           2360         212797      -2248.200
           2370         213699      -4056.639
           2380         214502      -3507.394
           2390         215368      -4712.932
           2400         216303      -4731.022
           2410         217194      -4710.901
           2420         218105      -5573.398
           2430         218932      -1196.169
           2440         219838      -2883.298
           2450         220691      -1298.384
           2460         221616      -3218.316
           2470         222588      -2894.107
           2480         223500      -2212.621
           2490         224480      -3615.497
           2500         225370      -2173.181
           2510         226246      -2331.599
           2520         227140      -1752.837
           2530         228110      -1694.313
           2540         229003      -1837.231
           2550         229943      -2174.436
           2560         230799      -2193.255
           2570         231799      -2193.255
           2580         232592      -1256.215
           2590         233387      -1265.092
           2600         234387      -1585.513
           2610         235319      -1217.844
           2620         236225      -1236.781
           2630         237100      -1236.781
           2640         238044      -1236.781
           2650         238813      -1514.069
           2660         239637      -1246.128
           2670         240576      -1237.746
           2680         241406      -1511.984
           2690         242224      -1255.191
           2700         243102      -1377.805
           2710         244102      -1266.368
           2720         244976      -1257.542
           2730         245938      -1257.542
           2740         246880      -1257.542
           2750         247743      -1275.664
           2760         248646      -1245.993
           2770         249646      -1247.542
           2780         250624      -1247.542
           2790         251624      -1229.524
           2800         252624      -1229.524
           2810         253556      -1247.542
           2820         254510      -1229.524
           2830         255456      -1267.018
           2840         256339      -1227.058
           2850         257169      -1255.043
           2860         258169      -1292.681
           2870         259057      -1292.681
           2880         260057      -1292.681
           2890         260979      -1220.506
           2900         261979      -1220.506
           2910         262918      -1220.506
           2920         263918      -1220.506
           2930         264884      -1200.285
           2940         265850      -1200.239
           2950         266850      -1200.239
           2960         267850      -1200.239
           2970         268786      -1200.239
           2980         269747      -1200.239
           2990         270670      -1235.766
           3000         271632      -1235.766
           3010         272565      -1219.263
           3020         273565      -1219.263
           3030         274501      -1266.273
           3040         275360      -1237.895
           3050         276348      -1238.076
           3060         277348      -1200.756
           3070         278348      -1181.093
           3080         279300      -1200.285
           3090         280234      -1226.718
           3100         281234      -1235.766
           3110         282203      -1238.076
           3120         283203      -1606.820
           3130         284147      -1235.766
           3140         285120      -1235.766
           3150         286120      -1235.766
           3160         287056      -1247.250
           3170         288009      -1247.250
           3180         289000      -1247.250
           3190         289984      -1235.766
           3200         290963      -1235.766
           3210         291854      -1235.766
           3220         292854      -1235.766
           3230         293752      -1247.250
           3240         294652      -1247.250
           3250         295592      -1235.766
           3260         296588      -1235.766
           3270         297569      -1235.766
           3280         298541      -1280.831
           3290         299467      -1227.941
           3300         300371      -1246.578
           3310         301371      -1246.578
           3320         302322      -1246.578
           3330         303289      -1278.256
           3340         304251      -1246.578
           3350         305215      -1246.578
           3360         306147      -1246.578
           3370         307115      -1246.578
           3380         308115      -1246.578
           3390         309115      -1246.578
           3400         309895      -1246.578
           3410         310847      -1246.578
           3420         311847      -1246.578
           3430         312840      -1246.578
           3440         313840      -1246.578
           3450         314809      -1278.256
           3460         315809      -1246.578
           3470         316719      -1267.601
           3480         317719      -1267.601
           3490         318667      -1245.668
           3500         319607      -1245.668
           3510         320599      -1288.285
           3520         321507      -1288.285
           3530         322449      -1245.668
           3540         323449      -1245.668
           3550         324449      -1246.578
           3560         325385      -1246.578
           3570         326385      -1246.578
           3580         327385      -1246.578
           3590         328328      -1246.578
           3600         329328      -1246.578
           3610         330328      -1246.578
           3620         331328      -1246.578
           3630         332246      -1293.929
           3640         333244      -1272.292
           3650         334180      -1308.663
           3660         335166      -1247.352
           3670         336102      -1247.352
           3680         337102      -1247.352
           3690         338041      -1247.352
           3700         338973      -1247.352
           3710         339973      -1247.352
           3720         340973      -1247.352
           3730         341973      -1597.757
           3740         342826      -1597.757
           3750         343725      -1256.985
           3760         344691      -1238.169
           3770         345691      -1238.169
           3780         346654      -1238.169
           3790         347654      -1238.169
           3800         348654      -1238.169
           3810         349508      -1274.315
           3820         350508      -1274.315
           3830         351480      -1273.861
           3840         352415      -1277.507
           3850         353415      -1238.169
           3860         354415      -1238.169
           3870         355352      -1238.169
           3880         356352      -1238.169
           3890         357310      -1274.315
           3900         358310      -1274.315
           3910         359310      -1247.352
           3920         360310      -1247.352
           3930         361271      -1247.352
           3940         362216      -1247.352
           3950         363176      -1247.352
           3960         364056      -1247.352
           3970         365011      -1247.352
           3980         366011      -1247.352
           3990         367011      -1247.352
           4000         368011      -1247.352
           4010         369011      -1247.352
           4020         370011      -1247.352
           4030         370964      -1247.352
           4040         371908      -1274.315
           4050         372908      -1274.315
           4060         373908      -1274.315
           4070         374908      -1274.315
           4080         375908      -1274.315
           4090         376908      -1277.507
           4100         377908      -1274.315
           4110         378908      -1274.315
           4120         379908      -1274.315
           4130         380908      -1274.315
           4140         381908      -1274.315
           4150         382849      -1274.315
           4160         383811      -1274.315
           4170         384811      -1274.315
           4180         385811      -1274.315
           4190         386811      -1274.315
           4200         387811      -1274.315
           4210         388811      -1274.315
           4220         389720      -1266.202
           4230         390720      -1277.507
           4240         391720      -1274.315
           4250         392720      -1274.315
           4260         393720      -1274.315
           4270         394720      -1237.746
           4280         395658      -1274.315
           4290         396594      -1274.315
           4300         397594      -1274.315
           4310         398529      -1274.315
           4320         399529      -1274.315
           4330         400529      -1274.315
           4340         401529      -1274.315
           4350         402471      -1274.315
           4360         403404      -1274.315
           4370         404368      -1274.315
           4380         405368      -1274.315
           4390         406368      -1274.315
           4400         407368      -1274.315
           4410         408368      -1274.315
           4420         409313      -1274.315
           4430         410313      -1274.315
           4440         411313      -1238.169
           4450         412313      -1238.169
           4460         413313      -1238.169
           4470         414313      -1238.169
           4480         415313      -1238.169
           4490         416313      -1238.169
           4500         417250      -1238.169
           4510         418250      -1238.169
           4520         419250      -1238.169
           4530         420188      -1238.169
           4540         421128      -1238.169
           4550         422128      -1238.169
           4560         423128      -1238.169
           4570         424128      -1238.169
           4580         425128      -1238.169
           4590         426069      -1238.169
           4600         426988      -1238.169
           4610         427988      -1238.169
           4620         428988      -1238.169
           4630         429988      -1238.169
           4640         430925      -1274.315
           4650         431868      -1274.315
           4660         432868      -1219.549
           4670         433868      -1219.549
           4680         434868      -1219.549
           4690         435868      -1219.549
           4700         436868      -1219.549
           4710         437868      -1238.169
           4720         438868      -1238.169
           4730         439868      -1238.169
           4740         440868      -1238.169
           4750         441868      -1238.169
           4760         442806      -1238.169
           4770         443806      -1238.169
           4780         444673      -1238.169
           4790         445673      -1238.169
           4800         446673      -1238.169
           4810         447673      -1238.169
           4820         448673      -1238.169
           4830         449673      -1274.315
           4840         450673      -1238.169
           4850         451673      -1238.169
           4860         452673      -1238.169
           4870         453673      -1238.169
           4880         454631      -1238.169
           4890         455631      -1238.169
           4900         456631      -1238.169
           4910         457631      -1238.169
           4920         458631      -1238.169
           4930         459631      -1238.169
           4940         460588      -1274.315
           4950         461588      -1274.315
           4960         462588      -1274.315
           4970         463588      -1274.315
           4980         464588      -1247.352
           4990         465588      -1247.352
           5000         466588      -1247.352
           5010         467588      -1247.352
           5020         468588      -1247.352
           5030         469588      -1247.352
           5040         470588      -1247.352
           5050         471588      -1247.352
           5060         472588      -1247.352
           5070         473588      -1247.352
           5080         474588      -1247.352
           5090         475588      -1247.352
           5100         476588      -1247.352
           5110         477588      -1247.352
           5120         478588      -1247.352
           5130         479588      -1247.352
           5140         480588      -1247.352
           5150         481588      -1247.352
           5160         482588      -1247.352
           5170         483588      -1247.352
           5180         484588      -1247.352
           5190         485588      -1247.352
           5200         486588      -1247.352
           5210         487588      -1247.352
           5220         488588      -1247.352
           5230         489588      -1247.352
           5240         490588      -1247.352
           5250         491588      -1247.352
           5260         492588      -1247.352
           5270         493588      -1247.352
           5280         494588      -1247.352
           5290         495588      -1247.352
           5300         496588      -1247.352
           5310         497588      -1247.352
           5320         498588      -1247.352
           5330         499588      -1247.352
