             10            972      -3343.255
             20           1845      -4908.799
             30           2729      -5435.059
             40           3709      -5466.715
             50           4704      -4934.802
             60           5704      -3350.991
             70           6662      -4543.281
             80           7512      -5533.330
             90           8470      -5442.581
            100           9447      -5571.873
            110          10424      -5762.120
            120          11386      -5864.323
            130          12381      -5378.884
            140          13347      -6231.725
            150          14337      -5828.707
            160          15314      -5516.078
            170          16296      -5817.452
            180          17296      -5419.512
            190          18236      -5768.436
            200          19146      -5899.194
            210          20135      -6316.498
            220          21104      -6411.490
            230          22063      -6919.649
            240          23058      -5665.510
            250          24045      -6701.697
            260          24994      -6406.910
            270          25920      -5983.712
            280          26920      -5861.496
            290          27886      -6339.137
            300          28779      -5895.706
            310          29703      -6078.811
            320          30688      -6113.400
            330          31688      -4934.802
            340          32634      -6336.537
            350          33634      -6139.112
            360          34612      -4652.825
            370          35561      -6625.405
            380          36539      -6017.432
            390          37532      -6712.995
            400          38493      -5101.453
            410          39447      -5970.768
            420          40439      -7096.264
            430          41419      -6210.333
            440          42377      -5790.807
            450          43377      -6956.849
            460          44372      -6235.897
            470          45340      -6069.332
            480          46340      -7162.024
            490          47285      -6535.491
            500          48285      -7483.948
            510          49244      -4462.413
            520          50244      -5322.826
            530          51244      -5937.206
            540          52208      -5477.706
            550          53208      -6589.669
            560          54170      -6696.235
            570          55118      -7198.441
            580          56089      -6587.785
            590          57089      -6980.668
            600          58075      -7406.609
            610          59028      -5419.078
            620          60028      -6130.397
            630          61028      -5017.653
            640          62021      -7205.077
            650          63021      -6744.284
            660          64018      -7232.146
            670          65018      -6291.770
            680          65974      -5325.318
            690          66974      -5261.789
            700          67974      -6174.819
            710          68955      -5969.390
            720          69955      -6717.455
            730          70932      -6538.056
            740          71852      -5089.933
            750          72815      -6453.302
            760          73799      -6554.262
            770          74799      -5465.613
            780          75770      -6929.535
            790          76770      -5838.198
            800          77751      -5726.774
            810          78606      -5949.007
            820          79563      -4897.594
            830          80475      -6855.261
            840          81436      -4081.350
            850          82290      -5844.275
            860          83216      -6901.764
            870          84128      -5461.165
            880          85103      -6352.168
            890          86045      -6950.908
            900          87022      -6120.790
            910          87861      -6554.066
            920          88795      -6762.873
            930          89757      -6142.187
            940          90675      -5417.891
            950          91623      -6311.868
            960          92534      -5496.742
            970          93480      -6756.406
            980          94423      -6316.166
            990          95349      -6098.142
           1000          96282      -6997.094
           1010          97205      -5296.305
           1020          98058      -6403.823
           1030          99007      -6389.800
           1040          99916      -5053.568
           1050         100861      -3478.797
           1060         101720      -4779.862
           1070         102681      -5600.001
           1080         103560      -5659.758
           1090         104460      -6040.495
           1100         105454      -6476.788
           1110         106427      -4325.510
           1120         107344      -6044.741
           1130         108344      -3702.309
           1140         109266      -6500.782
           1150         110183      -5850.943
           1160         111090      -6508.981
           1170         111987      -4729.953
           1180         112969      -5272.058
           1190         113848      -6308.856
           1200         114777      -6370.934
           1210         115640      -6482.520
           1220         116454      -7567.355
           1230         117349      -6336.555
           1240         118117      -3537.846
           1250         118933      -4531.271
           1260         119841      -6048.328
           1270         120734      -6298.377
           1280         121628      -4522.990
           1290         122509      -5647.878
           1300         123455      -6945.753
           1310         124386      -3467.209
           1320         125273      -5502.399
           1330         126120      -6774.545
           1340         127088      -4959.367
           1350         127903      -4827.514
           1360         128886      -5000.323
           1370         129724      -5177.806
           1380         130575      -4852.119
           1390         131436      -4975.652
           1400         132318      -4607.528
           1410         133177      -3448.038
           1420         134022      -4281.218
           1430         134883      -4366.850
           1440         135774      -2789.567
           1450         136621      -6475.240
           1460         137307      -2428.564
           1470         138273      -2444.048
           1480         139133      -2561.351
           1490         139917      -4773.909
           1500         140887      -7092.302
           1510         141671      -4546.558
           1520         142473      -4967.935
           1530         143376      -2404.197
           1540         144293      -5043.548
           1550         145243      -4340.278
           1560         146126      -4912.937
           1570         147041      -5883.545
           1580         147883      -5258.899
           1590         148624      -2129.257
           1600         149457      -4576.064
           1610         150259      -2521.742
           1620         151148      -3323.578
           1630         151909      -6803.352
           1640         152691      -4393.491
           1650         153413      -3992.683
           1660         154168      -4272.899
           1670         155098      -4452.035
           1680         155953      -5785.114
           1690         156849      -4994.965
           1700         157668      -4247.805
           1710         158508      -4432.305
           1720         159294      -4283.554
           1730         160059      -5821.670
           1740         160879      -4984.036
           1750         161758      -1946.470
           1760         162661      -5632.455
           1770         163477      -5491.705
           1780         164354      -2244.474
           1790         165173      -3573.291
           1800         165986      -7070.545
           1810         166815      -3918.390
           1820         167658      -2275.958
           1830         168296      -3294.205
           1840         169045      -3651.710
           1850         169809      -5083.379
           1860         170671      -6513.015
           1870         171479      -4662.360
           1880         172183      -2720.302
           1890         172910      -5187.179
           1900         173635      -4628.936
           1910         174410      -3188.184
           1920         175155      -4817.663
           1930         176017      -2271.770
           1940         176853      -4656.314
           1950         177710      -3855.393
           1960         178560      -3771.848
           1970         179389      -3919.650
           1980         180299      -4744.258
           1990         181024      -7737.096
           2000         181628      -2539.165
           2010         182365      -2231.085
           2020         183218      -4206.514
           2030         184018      -2610.877
           2040         184778      -2986.941
           2050         185502      -3292.914
           2060         186333      -4934.802
           2070         187261      -4553.001
           2080         188173      -4940.441
           2090         189017      -5632.563
           2100         189733      -2369.480
           2110         190428      -2240.743
           2120         191250      -2758.540
           2130         192019      -5155.557
           2140         192821      -2133.298
           2150         193680      -3600.543
           2160         194508      -2165.101
           2170         195193      -2014.811
           2180         195946      -1683.504
           2190         196687      -3561.433
           2200         197514      -4934.802
           2210         198392      -2817.352
           2220         199167      -1653.618
           2230         199948      -3365.930
           2240         200819      -2161.234
           2250         201625      -2645.317
           2260         202463      -2212.248
           2270         203285      -2856.993
           2280         204114      -2199.246
           2290         204940      -2112.881
           2300         205696      -2610.484
           2310         206530      -2650.824
           2320         207447      -3033.545
           2330         208379      -2178.909
           2340         209309      -1260.073
           2350         210240      -1307.898
           2360         211073      -1296.382
           2370         211914      -1507.905
           2380         212764      -1281.911
           2390         213666      -2838.875
           2400         214544      -1165.588
           2410         215405      -4372.100
           2420         216289      -4372.100
           2430         217142      -3554.226
           2440         218120      -2623.623
           2450         218956      -2623.623
           2460         219858      -3123.803
           2470         220709      -1193.792
           2480         221621      -1215.624
           2490         222437      -1204.000
           2500         223168      -1176.648
           2510         224115      -1196.269
           2520         225060      -1196.269
           2530         225899      -1196.269
           2540         226851      -1196.285
           2550         227851      -1196.269
           2560         228803      -1193.792
           2570         229751      -1184.648
           2580         230721      -1175.915
           2590         231663      -1244.277
           2600         232424      -1193.792
           2610         233366      -1175.445
           2620         234366      -1202.543
           2630         235268      -3030.882
           2640         236268      -1221.592
           2650         237081      -1232.114
           2660         237963      -1232.393
           2670         238963      -1232.114
           2680         239935      -1220.752
           2690         240882      -1232.114
           2700         241804      -1232.114
           2710         242804      -1232.114
           2720         243680      -1214.165
           2730         244680      -1214.165
           2740         245680      -1214.165
           2750         246608      -1184.622
           2760         247501      -1185.908
           2770         248379      -1185.908
           2780         249199      -1184.622
           2790         250112      -1186.262
           2800         251076      -1206.211
           2810         252021      -1206.211
           2820         252956      -1206.211
           2830         253758      -1206.211
           2840         254696      -1206.211
           2850         255628      -1206.211
           2860         256628      -1206.211
           2870         257567      -1206.211
           2880         258443      -1206.211
           2890         259443      -1206.211
           2900         260325      -1196.556
           2910         261312      -1196.556
           2920         262129      -1223.129
           2930         263103      -1206.211
           2940         264103      -1206.211
           2950         264895      -1214.719
           2960         265800      -1193.724
           2970         266800      -1185.492
           2980         267800      -1185.492
           2990         268800      -1185.492
           3000         269782      -1185.492
           3010         270782      -1204.027
           3020         271718      -1215.253
           3030         272651      -1220.264
           3040         273635      -1204.027
           3050         274590      -1220.264
           3060         275524      -1224.754
           3070         276475      -1241.382
           3080         277396      -1245.701
           3090         278332      -1224.754
           3100         279332      -1224.754
           3110         280223      -1243.714
           3120         281176      -1243.714
           3130         282176      -1254.925
           3140         283122      -1243.714
           3150         284106      -1224.754
           3160         285106      -1195.326
           3170         286106      -1195.326
           3180         287106      -1185.084
           3190         288106      -1195.712
           3200         289106      -1195.712
           3210         289996      -1195.712
           3220         290996      -1195.712
           3230         291934      -1195.326
           3240         292934      -1195.326
           3250         293802      -1195.326
           3260         294736      -1234.755
           3270         295721      -1213.515
           3280         296667      -1213.515
           3290         297537      -1287.155
           3300         298479      -1215.174
           3310         299408      -1215.174
           3320         300408      -1234.180
           3330         301408      -1175.527
           3340         302408      -1175.527
           3350         303408      -1175.527
           3360         304367      -1175.527
           3370         305367      -1175.527
           3380         306321      -1175.527
           3390         307235      -1175.527
           3400         308235      -1175.527
           3410         309235      -1175.527
           3420         310070      -1175.527
           3430         311070      -1175.527
           3440         312001      -1175.527
           3450         312963      -1175.527
           3460         313963      -1211.594
           3470         314913      -1211.594
           3480         315884      -1232.114
           3490         316884      -1232.114
           3500         317847      -1211.594
           3510         318847      -1195.113
           3520         319847      -1220.752
           3530         320847      -1220.752
           3540         321755      -1193.792
           3550         322755      -1193.792
           3560         323755      -1193.792
           3570         324693      -1193.792
           3580         325693      -1193.792
           3590         326629      -1193.792
           3600         327629      -1184.648
           3610         328629      -1203.558
           3620         329629      -1184.648
           3630         330629      -1184.648
           3640         331629      -1184.648
           3650         332577      -1184.648
           3660         333577      -1184.648
           3670         334577      -1184.648
           3680         335577      -1184.648
           3690         336577      -1184.648
           3700         337577      -1184.648
           3710         338577      -1184.648
           3720         339577      -1184.648
           3730         340544      -1185.102
           3740         341544      -1185.102
           3750         342479      -1185.102
           3760         343479      -1185.102
           3770         344479      -1185.102
           3780         345479      -1185.102
           3790         346456      -1185.102
           3800         347456      -1185.102
           3810         348456      -1230.514
           3820         349456      -1157.401
           3830         350456      -1184.648
           3840         351391      -1158.356
           3850         352331      -1184.648
           3860         353331      -1157.401
           3870         354331      -1157.401
           3880         355331      -1157.401
           3890         356331      -1157.401
           3900         357329      -1193.792
           3910         358329      -1158.356
           3920         359329      -1193.792
           3930         360265      -1193.792
           3940         361265      -1184.648
           3950         362265      -1184.648
           3960         363215      -1184.648
           3970         364215      -1184.648
           3980         365215      -1184.648
           3990         366215      -1184.648
           4000         367215      -1184.648
           4010         368215      -1184.648
           4020         369215      -1203.558
           4030         370215      -1184.648
           4040         371177      -1157.401
           4050         372177      -1157.401
           4060         373177      -1157.401
           4070         374177      -1157.401
           4080         375177      -1157.401
           4090         376113      -1157.401
           4100         377113      -1157.401
           4110         378113      -1184.648
           4120         379113      -1184.648
           4130         380048      -1157.401
           4140         381048      -1157.401
           4150         382048      -1157.401
           4160         383048      -1157.401
           4170         384048      -1157.401
           4180         385047      -1193.792
           4190         386047      -1157.401
           4200         387047      -1157.401
           4210         388012      -1157.401
           4220         389012      -1157.401
           4230         390012      -1157.401
           4240         391012      -1157.401
           4250         392012      -1157.401
           4260         392968      -1157.401
           4270         393968      -1157.401
           4280         394939      -1157.401
           4290         395939      -1193.792
           4300         396939      -1193.792
           4310         397939      -1193.792
           4320         398939      -1193.792
           4330         399939      -1184.648
           4340         400939      -1168.118
           4350         401910      -1158.356
           4360         402910      -1158.356
           4370         403910      -1158.356
           4380         404910      -1193.792
           4390         405910      -1194.984
           4400         406910      -1196.269
           4410         407905      -1194.984
           4420         408905      -1194.984
           4430         409905      -1194.984
           4440         410869      -1193.792
           4450         411869      -1193.792
           4460         412869      -1194.984
           4470         413869      -1194.984
           4480         414869      -1194.984
           4490         415862      -1194.984
           4500         416862      -1194.984
           4510         417862      -1194.984
           4520         418862      -1194.984
           4530         419862      -1194.984
           4540         420800      -1194.984
           4550         421800      -1194.984
           4560         422800      -1194.984
           4570         423800      -1194.984
           4580         424800      -1194.984
           4590         425782      -1193.792
           4600         426782      -1193.792
           4610         427782      -1196.269
           4620         428782      -1196.269
           4630         429782      -1196.269
           4640         430782      -1196.269
           4650         431782      -1196.269
           4660         432782      -1196.269
           4670         433782      -1196.269
           4680         434782      -1196.269
           4690         435782      -1196.269
           4700         436782      -1196.269
           4710         437782      -1196.269
           4720         438782      -1196.269
           4730         439734      -1196.269
           4740         440734      -1196.269
           4750         441734      -1196.269
           4760         442734      -1196.269
           4770         443734      -1196.269
           4780         444734      -1194.984
           4790         445734      -1194.984
           4800         446734      -1194.984
           4810         447734      -1194.984
           4820         448734      -1194.984
           4830         449734      -1194.984
           4840         450734      -1194.984
           4850         451734      -1194.984
           4860         452734      -1194.984
           4870         453734      -1194.984
           4880         454734      -1194.984
           4890         455734      -1194.984
           4900         456734      -1194.984
           4910         457687      -1194.984
           4920         458687      -1194.984
           4930         459687      -1194.984
           4940         460687      -1194.984
           4950         461687      -1194.984
           4960         462687      -1194.984
           4970         463687      -1194.984
           4980         464687      -1194.984
           4990         465687      -1194.984
           5000         466687      -1194.984
           5010         467687      -1194.984
           5020         468687      -1194.984
           5030         469687      -1194.984
           5040         470687      -1194.984
           5050         471687      -1194.984
           5060         472687      -1194.984
           5070         473687      -1194.984
           5080         474687      -1194.984
           5090         475687      -1194.984
           5100         476687      -1194.984
           5110         477687      -1194.984
           5120         478687      -1194.984
           5130         479687      -1194.984
           5140         480687      -1194.984
           5150         481687      -1194.984
           5160         482687      -1194.984
           5170         483687      -1194.984
           5180         484687      -1194.984
           5190         485687      -1194.984
           5200         486687      -1194.984
           5210         487687      -1194.984
           5220         488687      -1194.984
           5230         489687      -1194.984
           5240         490687      -1194.984
           5250         491687      -1194.984
           5260         492687      -1194.984
           5270         493687      -1194.984
           5280         494687      -1194.984
           5290         495687      -1194.984
           5300         496687      -1194.984
           5310         497687      -1194.984
           5320         498687      -1194.984
           5330         499687      -1194.984
