             10            194      -1166.481
             20            418      -1355.637
             30            765      -1321.415
             40           1212      -1659.012
             50           1773      -1411.573
             60           2267      -2865.706
             70           2752      -4102.227
             80           3454      -3480.012
             90           3977      -3835.130
            100           4651      -5772.042
            110           5366      -6015.339
            120           6019      -2747.125
            130           6896      -3512.285
            140           7669      -5337.287
            150           8352      -5744.725
            160           9066      -4930.384
            170           9918      -5400.886
            180          10562      -3904.270
            190          11334      -5944.443
            200          12169      -5869.904
            210          13011      -3152.183
            220          13849      -3158.244
            230          14656      -5070.628
            240          15372      -4050.556
            250          16176      -5642.375
            260          16978      -5042.731
            270          17745      -5548.246
            280          18642       -875.712
            290          19494      -3248.454
            300          20293      -6706.944
            310          21173      -5574.726
            320          22092      -7121.859
            330          22996      -7849.601
            340          23797      -7579.976
            350          24676      -4353.368
            360          25532      -4887.160
            370          26507      -4935.737
            380          27467      -5410.915
            390          28331      -6459.768
            400          29210      -4951.964
            410          30117      -5821.147
            420          30953      -5263.853
            430          31826      -5988.829
            440          32726      -5647.481
            450          33626      -6379.857
            460          34504      -5202.209
            470          35428      -6794.748
            480          36243      -5291.747
            490          37069      -6236.280
            500          37837      -7318.236
            510          38665      -6870.644
            520          39194      -5303.927
            530          39970      -1887.729
            540          40446      -1887.729
            550          41115      -3601.083
            560          41773      -4787.364
            570          42433      -4732.453
            580          43157      -3856.336
            590          43873       -869.808
            600          44527      -4983.195
            610          45165      -5714.997
            620          45774      -2169.504
            630          46437      -5733.028
            640          47021      -3934.487
            650          47585       -838.300
            660          48162      -2494.993
            670          48576       -798.195
            680          49078      -2085.975
            690          49561      -4760.281
            700          50064      -4296.116
            710          50586      -2238.689
            720          51245      -2145.625
            730          51664      -5177.329
            740          52254      -4560.363
            750          52765      -5515.515
            760          53342      -3724.157
            770          53990       -813.201
            780          54625       -756.444
            790          55262       -872.250
            800          55709       -916.178
            810          56252       -834.366
            820          56684       -827.211
            830          57281       -851.086
            840          57823       -847.605
            850          58408       -834.060
            860          58922       -896.785
            870          59391       -857.835
            880          59814      -4304.112
            890          60244       -831.821
            900          60847      -2056.189
            910          61496       -992.421
            920          62161      -6621.541
            930          62924       -976.307
            940          63564       -942.059
            950          64142       -779.327
            960          64598       -828.099
            970          65248      -5026.011
            980          65802      -1007.727
            990          66487      -1854.037
           1000          66842      -1984.211
           1010          67237       -811.418
           1020          67710       -746.708
           1030          68143       -814.891
           1040          68725      -1898.513
           1050          69177       -751.730
           1060          69566      -2417.448
           1070          70080      -1031.144
           1080          70573       -874.684
           1090          71017       -831.661
           1100          71419      -4715.494
           1110          72106       -817.438
           1120          72729      -5328.048
           1130          73128      -1862.363
           1140          73760      -3348.780
           1150          74341       -855.573
           1160          74769       -782.509
           1170          75275       -782.509
           1180          75726       -760.052
           1190          76357      -2605.210
           1200          76913      -1841.784
           1210          77465       -768.814
           1220          77996      -2689.772
           1230          78389       -759.998
           1240          78992       -819.631
           1250          79528       -752.242
           1260          79956      -2432.663
           1270          80455      -4667.405
           1280          81013      -3582.893
           1290          81545       -816.409
           1300          81919      -1971.612
           1310          82601      -2005.167
           1320          83167       -840.602
           1330          83644       -859.178
           1340          84132      -1030.613
           1350          84614      -1091.230
           1360          85155      -2625.858
           1370          85660       -830.429
           1380          86324      -1860.907
           1390          86992       -816.027
           1400          87518       -755.799
           1410          88089       -845.452
           1420          88628      -2033.713
           1430          89170      -2224.884
           1440          89702       -813.609
           1450          90229      -1718.164
           1460          90963      -1718.164
           1470          91587      -1718.164
           1480          92099      -1718.164
           1490          92563       -893.768
           1500          92956      -2129.938
           1510          93538       -562.673
           1520          94112      -5734.973
           1530          94595      -1986.374
           1540          95024       -790.807
           1550          95779       -816.633
           1560          96264      -4879.004
           1570          96775       -748.143
           1580          97245      -1819.023
           1590          97889       -936.695
           1600          98405       -786.037
           1610          98985       -847.918
           1620          99539       -907.853
           1630         100255      -6118.115
           1640         100935       -731.392
           1650         101381      -3650.647
           1660         102079      -3515.730
           1670         102700       -660.469
           1680         103145       -792.400
           1690         103765       -823.627
           1700         104402       -823.627
           1710         104916       -823.627
           1720         105643       -822.552
           1730         106068       -817.533
           1740         106544       -831.221
           1750         107220       -831.221
           1760         107796      -2087.363
           1770         108496       -543.143
           1780         109254      -1961.033
           1790         110047       -692.583
           1800         110777       -800.967
           1810         111534       -833.047
           1820         112159      -3716.487
           1830         112901       -551.835
           1840         113681       -596.857
           1850         114289       -478.336
           1860         115109       -470.360
           1870         115996       -470.360
           1880         116786       -499.278
           1890         117666       -493.066
           1900         118389       -493.066
           1910         119275       -470.360
           1920         119934       -499.278
           1930         120786       -499.278
           1940         121678       -499.278
           1950         122671       -499.278
           1960         123647       -488.969
           1970         124510       -485.434
           1980         125460       -485.434
           1990         126403       -517.781
           2000         127272       -459.946
           2010         128223       -459.946
           2020         129182       -459.946
           2030         130097       -479.601
           2040         131007       -498.127
           2050         131910       -498.127
           2060         132743       -535.367
           2070         133623       -623.994
           2080         134327       -488.629
           2090         135141       -498.127
           2100         136141       -524.770
           2110         136898       -612.628
           2120         137859       -459.946
           2130         138854       -459.946
           2140         139750       -459.946
           2150         140588       -470.360
           2160         141540       -450.015
           2170         142468       -479.855
           2180         143399       -477.647
           2190         144399       -470.352
           2200         145319       -479.855
           2210         146259       -450.015
           2220         147178       -450.015
           2230         148112       -450.015
           2240         149055       -450.015
           2250         150004       -450.015
           2260         150930       -450.015
           2270         151918       -450.015
           2280         152918       -479.855
           2290         153689       -479.855
           2300         154689       -479.855
           2310         155514       -500.105
           2320         156360       -537.762
           2330         157285       -500.880
           2340         158211       -500.880
           2350         159211       -500.880
           2360         160107       -500.880
           2370         161092       -517.369
           2380         162077       -500.880
           2390         162999       -500.105
           2400         163921       -498.194
           2410         164921       -498.194
           2420         165845       -498.194
           2430         166764       -498.194
           2440         167764       -498.194
           2450         168708       -498.194
           2460         169627       -498.194
           2470         170545       -498.194
           2480         171473       -498.194
           2490         172473       -498.194
           2500         173446       -498.194
           2510         174311       -450.015
           2520         175273       -450.015
           2530         176273       -450.015
           2540         177262       -450.015
           2550         178262       -450.015
           2560         179207       -508.547
           2570         180207       -508.547
           2580         181126       -508.547
           2590         181919       -508.547
           2600         182919       -508.547
           2610         183825       -523.473
           2620         184780       -489.781
           2630         185712       -601.401
           2640         186712       -510.251
           2650         187564       -508.157
           2660         188357       -508.157
           2670         189325       -508.157
           2680         190316       -487.121
           2690         191256       -487.121
           2700         192256       -487.121
           2710         193246       -474.039
           2720         194246       -487.121
           2730         195246       -487.121
           2740         196246       -487.121
           2750         197246       -508.157
           2760         198168       -508.157
           2770         199168       -508.157
           2780         200168       -450.015
           2790         201168       -450.015
           2800         202051       -450.015
           2810         203051       -450.015
           2820         203973       -450.015
           2830         204973       -450.015
           2840         205967       -450.015
           2850         206967       -450.015
           2860         207900       -450.015
           2870         208831       -450.015
           2880         209687       -509.010
           2890         210654       -506.678
           2900         211654       -500.105
           2910         212611       -500.105
           2920         213536       -518.556
           2930         214464       -495.022
           2940         215319       -551.241
           2950         216304       -480.982
           2960         217274       -480.982
           2970         218240       -512.559
           2980         219126       -500.105
           2990         220126       -500.105
           3000         221044       -500.105
           3010         222044       -504.168
           3020         223044       -533.806
           3030         224044       -450.015
           3040         225003       -481.029
           3050         226003       -569.318
           3060         227003       -492.014
           3070         228003       -492.014
           3080         229003       -480.932
           3090         230003       -480.932
           3100         231003       -480.932
           3110         232003       -480.932
           3120         233003       -480.932
           3130         234003       -480.932
           3140         235003       -480.932
           3150         236003       -524.445
           3160         237003       -499.147
           3170         238003       -499.147
           3180         238949       -524.445
           3190         239949       -490.344
           3200         240949       -490.344
           3210         241949       -490.344
           3220         242949       -524.445
           3230         243888       -524.445
           3240         244888       -499.147
           3250         245888       -499.147
           3260         246888       -499.147
           3270         247888       -499.147
           3280         248888       -542.608
           3290         249888       -496.240
           3300         250768       -567.662
           3310         251725       -518.259
           3320         252651       -539.565
           3330         253651       -470.721
           3340         254571       -579.068
           3350         255571       -531.293
           3360         256490       -531.293
           3370         257411       -531.293
           3380         258411       -541.553
           3390         259355       -526.145
           3400         260355       -559.142
           3410         261355       -899.674
           3420         262355       -553.488
           3430         263275       -535.922
           3440         264196       -533.498
           3450         265196       -899.674
           3460         266138       -559.832
           3470         267138       -533.498
           3480         268058       -559.594
           3490         269017       -471.439
           3500         270017       -471.439
           3510         271017       -505.144
           3520         272017       -483.592
           3530         273017       -483.592
           3540         274017       -450.015
           3550         275017       -450.015
           3560         276017       -450.015
           3570         277012       -450.015
           3580         277961       -450.015
           3590         278961       -450.015
           3600         279961       -450.015
           3610         280961       -450.015
           3620         281961       -450.015
           3630         282961       -450.015
           3640         283961       -450.015
           3650         284961       -450.015
           3660         285961       -450.015
           3670         286961       -450.015
           3680         287961       -450.015
           3690         288961       -450.015
           3700         289961       -450.015
           3710         290961       -450.015
           3720         291961       -450.015
           3730         292961       -450.015
           3740         293961       -450.015
           3750         294961       -450.015
           3760         295961       -450.015
           3770         296961       -450.015
           3780         297961       -450.015
           3790         298961       -450.015
           3800         299961       -450.015
           3810         300961       -450.015
           3820         301922       -450.015
           3830         302922       -450.015
           3840         303876       -450.015
           3850         304799       -450.015
           3860         305799       -450.015
           3870         306799       -450.015
           3880         307799       -471.439
           3890         308799       -500.105
           3900         309799       -498.941
           3910         310799       -492.800
           3920         311799       -514.185
           3930         312799       -514.185
           3940         313799       -514.185
           3950         314799       -514.185
           3960         315799       -514.185
           3970         316799       -514.185
           3980         317799       -514.185
           3990         318799       -450.015
           4000         319799       -450.015
           4010         320775       -481.029
           4020         321775       -481.029
           4030         322775       -481.029
           4040         323775       -505.941
           4050         324775       -505.941
           4060         325775       -505.941
           4070         326775       -512.607
           4080         327710       -519.663
           4090         328710       -481.029
           4100         329710       -489.720
           4110         330637       -512.607
           4120         331637       -544.361
           4130         332637       -519.663
           4140         333637       -519.663
           4150         334637       -519.663
           4160         335637       -519.663
           4170         336637       -519.663
           4180         337637       -519.663
           4190         338637       -519.663
           4200         339637       -519.663
           4210         340637       -519.663
           4220         341637       -489.851
           4230         342637       -519.663
           4240         343637       -512.607
           4250         344637       -512.607
           4260         345563       -512.607
           4270         346563       -512.607
           4280         347563       -512.607
           4290         348563       -512.607
           4300         349563       -512.607
           4310         350563       -512.607
           4320         351563       -512.607
           4330         352563       -512.607
           4340         353563       -512.607
           4350         354563       -512.607
           4360         355563       -512.607
           4370         356425       -519.663
           4380         357425       -519.663
           4390         358425       -480.982
           4400         359425       -480.982
           4410         360398       -450.015
           4420         361398       -481.029
           4430         362398       -450.015
           4440         363322       -450.015
           4450         364322       -450.015
           4460         365260       -481.029
           4470         366260       -481.029
           4480         367260       -481.029
           4490         368260       -481.029
           4500         369260       -481.029
           4510         370260       -481.029
           4520         371256       -500.105
           4530         372256       -518.813
           4540         373256       -500.105
           4550         374256       -500.105
           4560         375256       -500.105
           4570         376256       -500.105
           4580         377256       -500.105
           4590         378256       -500.105
           4600         379256       -500.105
           4610         380256       -480.982
           4620         381185       -502.697
           4630         382185       -485.296
           4640         383185       -485.296
           4650         384185       -519.663
           4660         385109       -519.663
           4670         386109       -519.663
           4680         387109       -519.663
           4690         388109       -519.663
           4700         389109       -502.697
           4710         390109       -502.697
           4720         391109       -512.607
           4730         392109       -512.607
           4740         393109       -519.663
           4750         394109       -519.663
           4760         395109       -519.663
           4770         396109       -519.663
           4780         397109       -519.663
           4790         398109       -519.663
           4800         399109       -522.988
           4810         400109       -522.988
           4820         401109       -501.956
           4830         402109       -501.956
           4840         403109       -501.956
           4850         404109       -501.956
           4860         405109       -501.956
           4870         406109       -501.956
           4880         407109       -501.956
           4890         408109       -501.956
           4900         409109       -501.956
           4910         410109       -501.956
           4920         411109       -501.956
           4930         412109       -501.956
           4940         413109       -501.956
           4950         414109       -501.956
           4960         415109       -501.956
           4970         416109       -501.956
           4980         417109       -501.956
           4990         418109       -501.956
           5000         419109       -501.956
           5010         420109       -481.912
           5020         421109       -481.912
           5030         422109       -481.912
           5040         423053       -522.988
           5050         424053       -522.988
           5060         425053       -522.988
           5070         426053       -522.988
           5080         427053       -522.988
           5090         427973       -522.988
           5100         428973       -522.988
           5110         429973       -522.988
           5120         430973       -522.988
           5130         431973       -522.988
           5140         432973       -522.988
           5150         433973       -522.988
           5160         434973       -522.988
           5170         435973       -522.988
           5180         436973       -522.988
           5190         437973       -522.988
           5200         438973       -522.988
           5210         439973       -522.988
           5220         440973       -522.988
           5230         441973       -522.988
           5240         442973       -522.988
           5250         443973       -522.988
           5260         444973       -522.988
           5270         445973       -522.988
           5280         446973       -522.988
           5290         447973       -522.988
           5300         448973       -522.988
           5310         449973       -522.988
           5320         450973       -522.988
           5330         451973       -522.988
           5340         452973       -522.988
           5350         453973       -522.988
           5360         454973       -522.988
           5370         455973       -522.988
           5380         456973       -522.988
           5390         457973       -522.988
           5400         458973       -522.988
           5410         459973       -522.988
           5420         460973       -522.988
           5430         461973       -522.988
           5440         462973       -522.988
           5450         463973       -522.988
           5460         464973       -522.988
           5470         465973       -522.988
           5480         466973       -522.988
           5490         467973       -522.988
           5500         468973       -522.988
           5510         469973       -522.988
           5520         470973       -522.988
           5530         471973       -522.988
           5540         472973       -522.988
           5550         473973       -522.988
           5560         474973       -522.988
           5570         475973       -522.988
           5580         476973       -522.988
           5590         477973       -481.912
           5600         478973       -481.912
           5610         479973       -481.912
           5620         480973       -481.912
           5630         481973       -481.912
           5640         482973       -481.912
           5650         483973       -481.912
           5660         484973       -481.912
           5670         485973       -481.912
           5680         486973       -481.912
           5690         487973       -481.912
           5700         488973       -481.912
           5710         489973       -481.912
           5720         490973       -481.912
           5730         491973       -481.912
           5740         492973       -481.912
           5750         493973       -481.912
           5760         494973       -481.912
           5770         495973       -481.912
           5780         496973       -481.912
           5790         497973       -481.912
           5800         498973       -481.912
           5810         499973       -481.912
