             10            525      -3935.912
             20           1196      -3754.515
             30           1862      -3239.584
             40           2632      -5296.978
             50           3398      -4042.467
             60           4332      -5621.272
             70           5220      -4989.034
             80           6149      -6055.835
             90           6976      -5467.522
            100           7911      -4125.108
            110           8761      -5645.568
            120           9758      -3314.479
            130          10758      -5867.553
            140          11723      -2497.054
            150          12671      -6941.206
            160          13475      -4960.357
            170          14413      -2723.820
            180          15321      -6569.170
            190          16310      -5960.532
            200          17310      -6113.572
            210          18208      -5773.286
            220          19134      -5466.600
            230          20134      -4485.256
            240          21015      -5417.825
            250          21929      -5387.319
            260          22912      -5607.370
            270          23849      -6273.961
            280          24845      -6781.670
            290          25817      -5221.568
            300          26764      -4621.487
            310          27626      -6888.201
            320          28626      -5678.483
            330          29604      -5809.432
            340          30497      -5510.892
            350          31497      -6526.148
            360          32471      -6932.298
            370          33384      -4650.725
            380          34384      -6261.854
            390          35384      -5543.369
            400          36368      -5561.922
            410          37291      -5898.090
            420          38204      -5566.036
            430          39183      -6559.603
            440          40122      -5397.506
            450          41082      -5032.298
            460          42026      -5964.851
            470          42998      -6451.307
            480          43970      -5143.691
            490          44926      -5718.307
            500          45926      -7162.431
            510          46874      -6173.098
            520          47801      -5592.435
            530          48801      -5280.485
            540          49784      -5471.541
            550          50725      -6180.684
            560          51680      -6303.250
            570          52621      -4221.336
            580          53525      -6516.391
            590          54525      -6417.023
            600          55477      -6262.539
            610          56426      -6515.391
            620          57253      -5637.427
            630          58179      -2621.856
            640          59129      -7334.149
            650          59972      -5515.610
            660          60778      -5328.066
            670          61563      -5432.643
            680          62370      -2457.129
            690          63092      -5205.220
            700          63777      -2525.378
            710          64305      -4406.591
            720          65153      -4728.552
            730          65885       -923.525
            740          66649       -863.477
            750          67421      -6459.317
            760          68032       -889.310
            770          68602       -958.389
            780          69161       -915.673
            790          69923      -2447.965
            800          70784      -4996.232
            810          71556      -5134.782
            820          72368      -2174.699
            830          72911      -3424.301
            840          73501      -1019.686
            850          74282      -4292.854
            860          74913      -4066.305
            870          75623      -3662.647
            880          76476      -2735.999
            890          77131      -8110.983
            900          77697      -7406.475
            910          78493       -888.025
            920          79086       -972.278
            930          79817      -3753.849
            940          80449       -914.048
            950          80992       -904.140
            960          81469       -967.248
            970          82138       -856.373
            980          82701      -4804.547
            990          83431       -864.756
           1000          83908       -856.250
           1010          84484       -889.815
           1020          85188       -843.557
           1030          85899      -1106.517
           1040          86557       -944.560
           1050          87263       -935.691
           1060          87998      -4573.322
           1070          88702      -2727.149
           1080          89413      -5060.777
           1090          90111      -2190.728
           1100          90649       -891.542
           1110          91102      -4171.106
           1120          91575       -992.631
           1130          92273       -942.513
           1140          92739       -923.630
           1150          93351      -2160.815
           1160          94019      -1023.885
           1170          94615       -936.832
           1180          95378      -1018.913
           1190          96088       -907.755
           1200          96786       -848.317
           1210          97309      -1054.644
           1220          97972      -1028.693
           1230          98605      -2527.964
           1240          99258       -951.940
           1250          99967      -4790.256
           1260         100774      -2765.664
           1270         101511       -664.058
           1280         102183       -853.870
           1290         102870      -1030.826
           1300         103582       -743.046
           1310         104197       -950.528
           1320         105006       -864.493
           1330         105537      -4737.838
           1340         106167      -3839.797
           1350         106739       -853.706
           1360         107295       -885.918
           1370         107915      -4247.499
           1380         108604      -2121.982
           1390         109264      -2121.982
           1400         109793      -2299.317
           1410         110381      -1090.357
           1420         111020       -854.379
           1430         111530       -975.776
           1440         112161       -935.241
           1450         112696       -912.710
           1460         113398       -904.225
           1470         114225      -2158.668
           1480         114961       -830.114
           1490         115662       -935.757
           1500         116242      -7645.625
           1510         116943      -3348.213
           1520         117374       -931.975
           1530         117968       -933.072
           1540         118525       -648.352
           1550         119337       -631.660
           1560         120096      -2334.294
           1570         120910       -945.193
           1580         121791       -593.014
           1590         122682       -593.014
           1600         123574       -604.787
           1610         124325       -612.761
           1620         125126       -633.555
           1630         125878      -2387.611
           1640         126553       -924.418
           1650         127421       -639.281
           1660         128150       -629.954
           1670         128962      -1020.424
           1680         129738       -917.128
           1690         130595       -900.240
           1700         131478       -900.240
           1710         132384       -644.807
           1720         133187       -577.545
           1730         134163       -577.545
           1740         134948       -596.466
           1750         135881       -618.212
           1760         136784       -586.420
           1770         137767       -565.533
           1780         138666       -565.533
           1790         139624       -565.533
           1800         140594       -575.830
           1810         141593       -575.830
           1820         142541       -605.237
           1830         143521       -595.354
           1840         144503       -576.121
           1850         145483       -576.121
           1860         146399       -567.084
           1870         147195       -577.484
           1880         148145       -565.533
           1890         149141       -565.533
           1900         150055       -576.121
           1910         150974       -576.121
           1920         151924       -576.121
           1930         152798       -576.121
           1940         153614       -593.069
           1950         154478       -576.121
           1960         155445       -593.069
           1970         156445       -583.535
           1980         157445       -583.535
           1990         158445       -565.533
           2000         159384       -565.533
           2010         160384       -565.533
           2020         161384       -565.533
           2030         162339       -565.533
           2040         163292       -565.533
           2050         164221       -565.533
           2060         165195       -565.533
           2070         166185       -565.533
           2080         167185       -565.533
           2090         168178       -583.535
           2100         169127       -585.964
           2110         170109       -575.792
           2120         171109       -567.084
           2130         171948       -618.212
           2140         172948       -618.212
           2150         173948       -618.212
           2160         174948       -618.212
           2170         175896       -618.212
           2180         176817       -627.502
           2190         177817       -703.123
           2200         178640       -619.516
           2210         179640       -619.516
           2220         180640       -565.533
           2230         181613       -565.533
           2240         182555       -565.533
           2250         183555       -565.533
           2260         184508       -565.533
           2270         185508       -565.533
           2280         186508       -583.535
           2290         187508       -583.535
           2300         188508       -565.533
           2310         189507       -565.533
           2320         190507       -583.535
           2330         191507       -565.533
           2340         192457       -565.533
           2350         193447       -565.533
           2360         194336       -585.714
           2370         195336       -585.714
           2380         196265       -565.533
           2390         197256       -565.533
           2400         198198       -565.533
           2410         199198       -610.485
           2420         200198       -565.533
           2430         201198       -567.374
           2440         202198       -567.374
           2450         203158       -567.374
           2460         204126       -567.374
           2470         205126       -567.374
           2480         206077       -567.374
           2490         207025       -567.374
           2500         208025       -630.961
           2510         209025       -565.533
           2520         209990       -577.484
           2530         210990       -598.197
           2540         211968       -598.838
           2550         212913       -583.535
           2560         213913       -583.535
           2570         214843       -575.472
           2580         215843       -565.533
           2590         216768       -565.533
           2600         217700       -565.533
           2610         218700       -565.533
           2620         219700       -565.533
           2630         220700       -565.533
           2640         221675       -583.535
           2650         222603       -583.535
           2660         223570       -574.884
           2670         224498       -565.533
           2680         225498       -567.374
           2690         226498       -567.374
           2700         227498       -567.374
           2710         228498       -567.374
           2720         229498       -567.374
           2730         230434       -567.374
           2740         231391       -586.266
           2750         232391       -586.266
           2760         233340       -583.535
           2770         234304       -586.349
           2780         235304       -586.349
           2790         236304       -586.349
           2800         237304       -586.349
           2810         238304       -565.533
           2820         239304       -565.533
           2830         240304       -565.533
           2840         241287       -583.535
           2850         242256       -583.535
           2860         243256       -583.535
           2870         244194       -583.535
           2880         245128       -583.535
           2890         246128       -583.535
           2900         247064       -583.535
           2910         247992       -583.535
           2920         248992       -583.535
           2930         249992       -583.535
           2940         250921       -583.535
           2950         251880       -583.535
           2960         252880       -583.535
           2970         253880       -565.533
           2980         254880       -565.533
           2990         255814       -565.533
           3000         256784       -565.533
           3010         257784       -565.533
           3020         258784       -565.533
           3030         259784       -583.535
           3040         260784       -583.535
           3050         261784       -668.094
           3060         262784       -565.533
           3070         263784       -565.533
           3080         264784       -565.533
           3090         265784       -565.533
           3100         266784       -565.533
           3110         267784       -565.533
           3120         268784       -565.533
           3130         269784       -574.884
           3140         270784       -574.884
           3150         271784       -574.884
           3160         272784       -596.791
           3170         273784       -612.131
           3180         274784       -608.006
           3190         275784       -567.374
           3200         276784       -565.533
           3210         277784       -565.533
           3220         278784       -565.533
           3230         279784       -574.884
           3240         280784       -574.884
           3250         281784       -574.884
           3260         282738       -574.884
           3270         283738       -574.884
           3280         284738       -574.884
           3290         285738       -574.884
           3300         286738       -565.533
           3310         287738       -565.533
           3320         288687       -565.533
           3330         289687       -565.533
           3340         290687       -565.533
           3350         291687       -565.533
           3360         292687       -565.533
           3370         293687       -574.884
           3380         294687       -574.884
           3390         295687       -574.884
           3400         296687       -565.533
           3410         297687       -565.533
           3420         298616       -565.533
           3430         299594       -565.533
           3440         300594       -565.533
           3450         301594       -565.533
           3460         302594       -574.884
           3470         303594       -574.884
           3480         304594       -565.533
           3490         305594       -565.533
           3500         306594       -565.533
           3510         307594       -565.533
           3520         308594       -565.533
           3530         309594       -565.533
           3540         310594       -565.533
           3550         311594       -574.884
           3560         312594       -565.533
           3570         313594       -565.533
           3580         314579       -565.533
           3590         315579       -565.533
           3600         316579       -574.884
           3610         317527       -574.884
           3620         318527       -565.533
           3630         319527       -565.533
           3640         320527       -565.533
           3650         321527       -565.533
           3660         322527       -565.533
           3670         323527       -565.533
           3680         324527       -565.533
           3690         325527       -565.533
           3700         326527       -565.533
           3710         327527       -574.884
           3720         328527       -574.884
           3730         329527       -604.056
           3740         330527       -574.884
           3750         331527       -574.884
           3760         332527       -574.884
           3770         333527       -574.884
           3780         334527       -574.884
           3790         335527       -574.884
           3800         336527       -574.884
           3810         337527       -574.884
           3820         338527       -574.884
           3830         339456       -583.535
           3840         340456       -565.533
           3850         341456       -565.533
           3860         342456       -565.533
           3870         343456       -565.533
           3880         344456       -565.533
           3890         345456       -565.533
           3900         346456       -583.535
           3910         347456       -565.533
           3920         348456       -565.533
           3930         349456       -566.780
           3940         350456       -566.780
           3950         351456       -565.533
           3960         352456       -565.533
           3970         353456       -565.533
           3980         354456       -565.533
           3990         355456       -565.533
           4000         356456       -565.533
           4010         357456       -565.533
           4020         358456       -565.533
           4030         359456       -565.533
           4040         360374       -583.535
           4050         361374       -583.535
           4060         362374       -583.535
           4070         363374       -583.535
           4080         364374       -583.535
           4090         365374       -583.535
           4100         366374       -583.535
           4110         367374       -583.535
           4120         368374       -583.535
           4130         369374       -565.533
           4140         370338       -583.535
           4150         371338       -583.535
           4160         372338       -583.535
           4170         373338       -583.535
           4180         374338       -583.535
           4190         375338       -585.964
           4200         376338       -585.964
           4210         377338       -574.884
           4220         378338       -574.884
           4230         379338       -574.884
           4240         380306       -565.533
           4250         381306       -597.121
           4260         382306       -597.121
           4270         383306       -597.121
           4280         384306       -597.121
           4290         385306       -597.121
           4300         386306       -597.121
           4310         387306       -565.533
           4320         388306       -565.533
           4330         389214       -565.533
           4340         390214       -565.533
           4350         391214       -565.533
           4360         392214       -565.533
           4370         393214       -565.533
           4380         394214       -565.533
           4390         395214       -565.533
           4400         396214       -565.533
           4410         397214       -565.533
           4420         398214       -565.533
           4430         399214       -565.533
           4440         400214       -565.533
           4450         401138       -565.533
           4460         402138       -565.533
           4470         403138       -565.533
           4480         404138       -565.533
           4490         405138       -565.533
           4500         406138       -565.533
           4510         407138       -565.533
           4520         408124       -565.533
           4530         409124       -565.533
           4540         410124       -565.533
           4550         411124       -565.533
           4560         412124       -565.533
           4570         413124       -565.533
           4580         414124       -583.535
           4590         415124       -583.535
           4600         416124       -583.535
           4610         417124       -583.535
           4620         418124       -583.535
           4630         419124       -583.535
           4640         420124       -583.535
           4650         421124       -583.535
           4660         422124       -583.535
           4670         423124       -583.535
           4680         424124       -583.535
           4690         425124       -583.535
           4700         426107       -583.535
           4710         427107       -583.535
           4720         428107       -583.535
           4730         429107       -583.535
           4740         430107       -583.535
           4750         431107       -583.535
           4760         432107       -583.535
           4770         433107       -583.535
           4780         434107       -583.535
           4790         435107       -583.535
           4800         436107       -583.535
           4810         437107       -583.535
           4820         438107       -583.535
           4830         439107       -583.535
           4840         440107       -583.535
           4850         441107       -583.535
           4860         442107       -583.535
           4870         443107       -630.961
           4880         444107       -583.535
           4890         445033       -583.535
           4900         446033       -583.535
           4910         447033       -583.535
           4920         448033       -583.535
           4930         449033       -583.535
           4940         450033       -583.535
           4950         451033       -583.535
           4960         452033       -583.535
           4970         453033       -583.535
           4980         453957       -583.535
           4990         454957       -583.535
           5000         455957       -583.535
           5010         456957       -583.535
           5020         457957       -583.535
           5030         458957       -583.535
           5040         459957       -565.533
           5050         460957       -565.533
           5060         461957       -565.533
           5070         462957       -565.533
           5080         463957       -565.533
           5090         464957       -565.533
           5100         465957       -583.535
           5110         466957       -583.535
           5120         467957       -583.535
           5130         468957       -583.535
           5140         469957       -583.535
           5150         470957       -583.535
           5160         471957       -583.535
           5170         472957       -583.535
           5180         473957       -583.535
           5190         474957       -583.535
           5200         475957       -583.535
           5210         476957       -583.535
           5220         477957       -583.535
           5230         478957       -583.535
           5240         479957       -583.535
           5250         480957       -583.535
           5260         481957       -583.535
           5270         482957       -583.535
           5280         483957       -583.535
           5290         484957       -583.535
           5300         485957       -583.535
           5310         486957       -583.535
           5320         487957       -583.535
           5330         488957       -583.535
           5340         489957       -583.535
           5350         490957       -583.535
           5360         491957       -583.535
           5370         492957       -583.535
           5380         493957       -583.535
           5390         494957       -583.535
           5400         495957       -583.535
           5410         496957       -583.535
           5420         497957       -583.535
           5430         498957       -583.535
           5440         499957       -583.535
