             10            595      -2258.393
             20           1120      -2059.635
             30           1870      -4904.193
             40           2697      -6180.966
             50           3596      -3910.683
             60           4478      -5906.383
             70           5285      -5638.699
             80           6107      -5376.086
             90           6943      -6001.351
            100           7943      -6788.927
            110           8892      -5451.019
            120           9833      -6467.916
            130          10723      -5193.215
            140          11657      -4714.542
            150          12612      -5103.575
            160          13518      -5459.047
            170          14518      -5681.137
            180          15433      -5897.526
            190          16430      -4954.997
            200          17430      -6302.545
            210          18367      -2661.309
            220          19338      -2740.735
            230          20186      -6555.886
            240          21128      -3254.264
            250          22050      -5903.049
            260          23014      -4878.533
            270          23921      -6463.713
            280          24921      -6039.543
            290          25799      -6159.943
            300          26768      -5455.339
            310          27664      -5746.380
            320          28664      -6016.160
            330          29637      -6586.457
            340          30604      -6260.613
            350          31570      -5527.956
            360          32570      -5949.628
            370          33563      -5680.436
            380          34500      -5545.000
            390          35370      -5498.373
            400          36370      -6080.605
            410          37276      -3447.081
            420          38272      -6065.125
            430          39263      -6630.796
            440          40208      -4797.407
            450          41156      -5555.064
            460          42156      -5137.984
            470          43156      -5687.911
            480          44106      -5112.262
            490          45106      -7966.145
            500          46088      -5692.671
            510          46908      -5933.785
            520          47845      -6611.139
            530          48811      -7281.292
            540          49732      -5589.302
            550          50636       -989.874
            560          51636      -5011.060
            570          52421      -6647.350
            580          53339      -3442.479
            590          54254      -7211.121
            600          55254      -6660.589
            610          56119      -6448.534
            620          57069      -5467.225
            630          58069      -4776.602
            640          59045      -4821.782
            650          60010      -2383.505
            660          60855      -5324.920
            670          61707      -5589.247
            680          62567      -5585.101
            690          63500      -5498.440
            700          64326      -2304.170
            710          65065       -932.063
            720          65882       -928.356
            730          66554       -913.714
            740          67180       -980.679
            750          67948       -992.618
            760          68613      -4963.011
            770          69224      -3340.834
            780          69721      -5200.007
            790          70390      -2847.491
            800          71206      -2396.728
            810          71910       -875.839
            820          72596       -931.302
            830          73405       -988.149
            840          74003      -6164.644
            850          74651      -5766.284
            860          75454       -938.547
            870          75984       -913.583
            880          76625      -3155.192
            890          77382      -4680.045
            900          78027      -2392.060
            910          78796       -948.422
            920          79444       -917.353
            930          80179       -948.422
            940          80867       -965.826
            950          81550       -855.450
            960          82315       -852.927
            970          82967      -2792.331
            980          83615       -916.196
            990          84138       -902.043
           1000          84820       -948.422
           1010          85475      -6961.588
           1020          86126       -961.381
           1030          86686      -3003.523
           1040          87377      -2931.545
           1050          88081      -2634.581
           1060          88704      -5268.994
           1070          89441       -844.633
           1080          90137      -1075.545
           1090          90860      -1026.651
           1100          91490      -1210.608
           1110          92212       -758.254
           1120          92773       -827.242
           1130          93396       -681.413
           1140          93894       -912.200
           1150          94612      -2615.078
           1160          95312      -4770.252
           1170          95936       -901.128
           1180          96662      -1116.311
           1190          97144       -845.686
           1200          97710       -763.447
           1210          98299      -4055.538
           1220          98921       -918.261
           1230          99552       -933.673
           1240         100271      -5694.648
           1250         100940      -3396.354
           1260         101702      -5611.030
           1270         102434      -2567.586
           1280         103051      -2576.894
           1290         103631      -2650.848
           1300         104155      -2361.754
           1310         104836      -4885.543
           1320         105385      -5191.010
           1330         105929      -3714.427
           1340         106732      -3840.738
           1350         107250      -4580.094
           1360         108008       -872.557
           1370         108649      -2377.958
           1380         109270       -886.913
           1390         109881      -1004.427
           1400         110615       -643.195
           1410         111396      -2358.820
           1420         112139       -602.480
           1430         112872       -907.856
           1440         113498       -673.357
           1450         114101      -1028.995
           1460         114925       -982.137
           1470         115608       -799.752
           1480         116168      -4006.338
           1490         116852      -2797.150
           1500         117592      -2350.686
           1510         118460      -2296.006
           1520         119378      -5907.762
           1530         120375      -5763.009
           1540         121059       -611.371
           1550         121821       -927.721
           1560         122621       -937.989
           1570         123431       -915.353
           1580         124309       -915.353
           1590         125097       -915.353
           1600         125890       -915.353
           1610         126785       -915.353
           1620         127623       -562.517
           1630         128398       -562.517
           1640         129398       -562.517
           1650         130332       -599.057
           1660         131210       -599.057
           1670         132099       -562.517
           1680         133037       -562.517
           1690         134037       -562.517
           1700         135021       -589.356
           1710         135963       -589.356
           1720         136946       -612.723
           1730         137828       -631.147
           1740         138707       -887.588
           1750         139626       -887.588
           1760         140344       -867.553
           1770         141098       -706.791
           1780         141963       -591.066
           1790         142873       -685.349
           1800         143430       -589.047
           1810         144088       -920.089
           1820         145027       -570.174
           1830         145955       -591.849
           1840         146748       -552.384
           1850         147647       -591.174
           1860         148594      -1460.285
           1870         149453      -2403.234
           1880         150358      -1788.037
           1890         151158      -3352.648
           1900         152098       -561.492
           1910         153095       -572.778
           1920         154020       -569.867
           1930         155000       -569.867
           1940         156000       -569.867
           1950         157000       -588.595
           1960         157782       -911.517
           1970         158780       -562.517
           1980         159748       -602.915
           1990         160676       -867.491
           2000         161611       -580.183
           2010         162586       -562.517
           2020         163586       -562.517
           2030         164586       -562.517
           2040         165586       -562.517
           2050         166564       -562.517
           2060         167564       -562.517
           2070         168564       -562.517
           2080         169463       -623.923
           2090         170461       -562.517
           2100         171355       -562.517
           2110         172355       -562.517
           2120         173355       -562.517
           2130         174273       -562.517
           2140         175273       -562.517
           2150         176273       -562.517
           2160         177257       -562.517
           2170         178257       -562.517
           2180         179257       -562.517
           2190         180257       -562.517
           2200         181155       -562.517
           2210         182114       -562.517
           2220         183099       -562.517
           2230         184099       -562.517
           2240         185099       -562.517
           2250         186099       -562.517
           2260         187099       -562.517
           2270         188099       -562.517
           2280         189088       -562.517
           2290         190056       -562.517
           2300         191056       -562.517
           2310         192056       -562.517
           2320         193011       -562.517
           2330         193984       -562.517
           2340         194953       -599.579
           2350         195953       -589.356
           2360         196953       -589.356
           2370         197953       -589.356
           2380         198953       -592.548
           2390         199826       -562.517
           2400         200826       -562.517
           2410         201777       -591.066
           2420         202777       -562.517
           2430         203777       -562.517
           2440         204760       -562.517
           2450         205735       -562.517
           2460         206695       -562.517
           2470         207695       -562.517
           2480         208619       -562.517
           2490         209586       -589.206
           2500         210586       -617.864
           2510         211586       -589.206
           2520         212586       -589.356
           2530         213536       -589.356
           2540         214468       -589.356
           2550         215426       -562.517
           2560         216426       -562.517
           2570         217228       -562.517
           2580         218228       -562.517
           2590         219193       -562.517
           2600         220193       -562.517
           2610         221193       -589.356
           2620         222193       -581.185
           2630         223193       -562.517
           2640         224193       -562.517
           2650         225193       -562.517
           2660         226173       -589.356
           2670         227173       -562.517
           2680         228173       -562.517
           2690         229105       -562.517
           2700         230105       -591.066
           2710         231105       -562.517
           2720         232105       -591.066
           2730         233063       -591.066
           2740         234063       -617.864
           2750         235063       -617.864
           2760         236011       -589.206
           2770         236955       -589.206
           2780         237955       -562.517
           2790         238955       -562.517
           2800         239955       -562.517
           2810         240905       -562.517
           2820         241902       -562.517
           2830         242902       -562.517
           2840         243902       -562.517
           2850         244902       -562.517
           2860         245793       -562.517
           2870         246793       -562.517
           2880         247707       -562.517
           2890         248664       -562.517
           2900         249664       -562.517
           2910         250664       -562.517
           2920         251622       -562.517
           2930         252622       -562.517
           2940         253622       -562.517
           2950         254622       -562.517
           2960         255622       -562.517
           2970         256622       -589.356
           2980         257622       -589.356
           2990         258622       -589.356
           3000         259622       -589.356
           3010         260622       -589.356
           3020         261580       -601.372
           3030         262580       -601.372
           3040         263580       -562.517
           3050         264545       -562.517
           3060         265545       -562.517
           3070         266545       -601.372
           3080         267545       -562.517
           3090         268545       -562.517
           3100         269494       -589.356
           3110         270494       -589.356
           3120         271494       -589.356
           3130         272480       -589.356
           3140         273409       -589.356
           3150         274409       -589.356
           3160         275409       -589.356
           3170         276409       -589.356
           3180         277375       -660.193
           3190         278375       -562.517
           3200         279369       -562.517
           3210         280301       -562.517
           3220         281301       -589.356
           3230         282301       -591.066
           3240         283286       -562.517
           3250         284286       -562.517
           3260         285247       -562.517
           3270         286247       -562.517
           3280         287247       -562.517
           3290         288247       -562.517
           3300         289247       -562.517
           3310         290247       -601.372
           3320         291247       -601.372
           3330         292218       -592.548
           3340         293218       -591.066
           3350         294218       -591.066
           3360         295218       -591.066
           3370         296145       -591.066
           3380         297145       -617.864
           3390         298145       -617.864
           3400         299145       -602.104
           3410         300107       -602.123
           3420         301107       -602.829
           3430         302107       -627.884
           3440         303107       -591.066
           3450         304107       -591.066
           3460         305107       -591.066
           3470         306060       -591.066
           3480         307060       -591.066
           3490         308060       -591.066
           3500         309060       -589.356
           3510         310060       -652.309
           3520         311060       -591.066
           3530         312060       -591.066
           3540         313010       -591.066
           3550         314010       -591.066
           3560         315010       -592.548
           3570         316010       -562.517
           3580         317010       -562.517
           3590         318010       -562.517
           3600         319010       -562.517
           3610         320010       -562.517
           3620         321010       -562.517
           3630         322010       -562.517
           3640         323010       -562.517
           3650         324010       -562.517
           3660         325010       -562.517
           3670         326010       -617.864
           3680         327010       -589.206
           3690         328010       -589.356
           3700         329010       -589.356
           3710         330010       -592.548
           3720         331010       -591.066
           3730         332010       -591.066
           3740         333010       -623.923
           3750         334010       -562.517
           3760         335010       -562.517
           3770         336010       -562.517
           3780         336948       -623.923
           3790         337896       -562.517
           3800         338896       -562.517
           3810         339896       -562.517
           3820         340821       -562.517
           3830         341821       -562.517
           3840         342821       -562.517
           3850         343821       -562.517
           3860         344821       -562.517
           3870         345821       -562.517
           3880         346771       -562.517
           3890         347771       -562.517
           3900         348771       -562.517
           3910         349771       -562.517
           3920         350771       -562.517
           3930         351771       -562.517
           3940         352771       -562.517
           3950         353771       -562.517
           3960         354771       -562.517
           3970         355771       -562.517
           3980         356771       -583.257
           3990         357771       -589.356
           4000         358771       -589.356
           4010         359771       -589.356
           4020         360771       -618.407
           4030         361771       -589.206
           4040         362771       -589.206
           4050         363771       -583.257
           4060         364719       -589.356
           4070         365719       -589.356
           4080         366719       -589.356
           4090         367719       -589.356
           4100         368719       -589.356
           4110         369719       -589.356
           4120         370719       -589.356
           4130         371719       -569.062
           4140         372719       -569.062
           4150         373719       -569.062
           4160         374688       -569.062
           4170         375688       -569.062
           4180         376688       -569.062
           4190         377688       -569.062
           4200         378688       -569.062
           4210         379688       -569.062
           4220         380688       -569.062
           4230         381688       -569.062
           4240         382688       -569.062
           4250         383688       -581.329
           4260         384688       -654.289
           4270         385688       -654.289
           4280         386688       -654.289
           4290         387688       -654.289
           4300         388688       -654.289
           4310         389688       -654.289
           4320         390688       -654.289
           4330         391688       -654.289
           4340         392688       -658.287
           4350         393688       -658.287
           4360         394688       -696.150
           4370         395688       -700.654
           4380         396688       -700.654
           4390         397688       -674.681
           4400         398688       -630.899
           4410         399688       -630.899
           4420         400688       -630.899
           4430         401620       -630.899
           4440         402620       -630.899
           4450         403620       -630.899
           4460         404620       -630.899
           4470         405620       -630.899
           4480         406569       -630.899
           4490         407498       -696.150
           4500         408498       -630.899
           4510         409498       -630.899
           4520         410426       -630.899
           4530         411426       -630.899
           4540         412355       -630.899
           4550         413355       -630.899
           4560         414355       -630.899
           4570         415355       -630.899
           4580         416355       -630.899
           4590         417355       -630.899
           4600         418355       -630.899
           4610         419355       -630.899
           4620         420355       -630.899
           4630         421355       -696.150
           4640         422355       -630.899
           4650         423355       -630.899
           4660         424355       -630.899
           4670         425355       -630.899
           4680         426355       -630.899
           4690         427355       -630.899
           4700         428355       -630.899
           4710         429355       -630.899
           4720         430355       -630.899
           4730         431355       -630.899
           4740         432355       -630.899
           4750         433355       -630.899
           4760         434355       -630.899
           4770         435355       -630.899
           4780         436355       -630.899
           4790         437355       -630.899
           4800         438355       -630.899
           4810         439355       -630.899
           4820         440355       -630.899
           4830         441355       -630.899
           4840         442355       -630.899
           4850         443355       -658.287
           4860         444355       -658.287
           4870         445355       -658.287
           4880         446355       -658.287
           4890         447355       -658.287
           4900         448355       -658.287
           4910         449355       -658.287
           4920         450355       -658.287
           4930         451355       -658.287
           4940         452355       -658.287
           4950         453355       -658.287
           4960         454355       -658.287
           4970         455355       -658.287
           4980         456355       -658.287
           4990         457355       -630.899
           5000         458355       -630.899
           5010         459355       -630.899
           5020         460355       -630.899
           5030         461355       -630.899
           5040         462355       -630.899
           5050         463355       -630.899
           5060         464355       -630.899
           5070         465355       -630.899
           5080         466355       -630.899
           5090         467355       -630.899
           5100         468355       -581.329
           5110         469355       -581.329
           5120         470355       -581.329
           5130         471355       -581.329
           5140         472355       -581.329
           5150         473355       -581.329
           5160         474355       -581.329
           5170         475355       -581.329
           5180         476355       -581.329
           5190         477355       -581.329
           5200         478355       -581.329
           5210         479355       -581.329
           5220         480355       -569.062
           5230         481355       -569.062
           5240         482355       -569.062
           5250         483355       -619.377
           5260         484355       -619.377
           5270         485355       -619.377
           5280         486355       -619.377
           5290         487355       -619.377
           5300         488355       -619.377
           5310         489355       -619.377
           5320         490355       -619.377
           5330         491355       -619.377
           5340         492355       -619.377
           5350         493355       -619.377
           5360         494355       -619.377
           5370         495355       -619.377
           5380         496355       -619.377
           5390         497355       -619.377
           5400         498355       -619.377
           5410         499355       -619.377
