             10            280      -1144.138
             20            954      -5001.549
             30           1698      -4576.597
             40           2504      -5517.384
             50           3269      -2260.991
             60           4113      -5428.910
             70           5030      -6145.770
             80           5944      -2446.201
             90           6824      -5534.751
            100           7723      -5706.127
            110           8626      -3923.582
            120           9509      -5542.387
            130          10481      -6372.271
            140          11370      -5842.163
            150          12364      -6067.596
            160          13294      -5849.824
            170          14261      -6279.843
            180          15170      -3463.563
            190          16170      -4483.239
            200          16984      -5345.299
            210          17923      -4941.520
            220          18860      -4483.626
            230          19768      -5797.364
            240          20574      -3668.490
            250          21497      -5552.155
            260          22434      -5830.637
            270          23290      -5780.826
            280          24290      -3307.202
            290          25230      -6705.608
            300          26142      -5577.082
            310          27093      -3276.882
            320          28040      -5589.408
            330          28978      -5940.578
            340          29931      -5568.751
            350          30877      -6270.683
            360          31757      -5921.603
            370          32705      -6976.162
            380          33682      -6392.017
            390          34624      -5838.277
            400          35572      -6238.746
            410          36502      -6130.921
            420          37319      -6871.135
            430          38306      -7231.779
            440          39201      -6948.860
            450          40141      -4474.516
            460          41118      -7015.720
            470          41897      -2811.012
            480          42869      -6030.358
            490          43727      -8666.267
            500          44594      -4293.797
            510          45540      -6299.188
            520          46448      -5553.860
            530          47258      -5581.291
            540          47990      -6398.477
            550          48934      -6093.062
            560          49791      -4586.432
            570          50743      -5129.013
            580          51682      -8101.894
            590          52419      -4684.936
            600          53419      -8742.012
            610          54342      -4685.028
            620          55043      -4347.097
            630          55836      -7358.402
            640          56681      -6648.738
            650          57647      -5052.409
            660          58446      -2972.164
            670          59105      -4431.841
            680          59885      -4643.145
            690          60526      -5153.770
            700          61135      -2728.298
            710          61814       -927.687
            720          62496      -5924.660
            730          63110      -3857.004
            740          63709      -2204.895
            750          64257      -2327.814
            760          64916      -2412.091
            770          65721      -5636.617
            780          66507       -953.916
            790          67193       -889.570
            800          67902      -2870.102
            810          68348      -3216.696
            820          69201      -5510.702
            830          69779       -842.921
            840          70381       -828.932
            850          70942      -6638.816
            860          71654      -5908.033
            870          72317      -4247.555
            880          73169       -872.188
            890          73859      -2404.697
            900          74401      -1102.595
            910          74960      -2468.371
            920          75594      -5357.472
            930          76094      -2254.244
            940          76761       -876.265
            950          77520      -1183.294
            960          78146      -2584.175
            970          78761      -5107.984
            980          79450      -3479.239
            990          80209       -978.035
           1000          80773      -4167.330
           1010          81290      -6394.486
           1020          81874      -2234.702
           1030          82509      -4803.393
           1040          83028      -5518.587
           1050          83878      -1002.652
           1060          84572      -2285.470
           1070          85244       -872.768
           1080          85748      -5091.647
           1090          86380      -2155.334
           1100          87060      -3893.482
           1110          87616      -2314.175
           1120          88230       -895.563
           1130          88897      -2210.495
           1140          89567      -2210.495
           1150          90106       -718.021
           1160          90783      -5098.193
           1170          91377      -1972.527
           1180          92082      -2197.938
           1190          92797       -981.445
           1200          93324       -637.894
           1210          93952      -4208.946
           1220          94659       -830.187
           1230          95346       -969.080
           1240          95776      -2319.737
           1250          96306       -818.391
           1260          96823       -865.871
           1270          97550       -816.259
           1280          98048      -6430.449
           1290          98667      -2879.466
           1300          99225      -4671.786
           1310          99956      -3416.004
           1320         100561      -3761.984
           1330         101155       -848.770
           1340         101870       -842.866
           1350         102499      -2256.033
           1360         103205      -1066.202
           1370         103630       -964.424
           1380         104225       -872.468
           1390         105037       -854.268
           1400         105526       -905.026
           1410         106075       -956.562
           1420         106752      -1005.416
           1430         107193       -843.786
           1440         107734       -831.406
           1450         108474       -928.171
           1460         109160       -675.462
           1470         109948       -594.790
           1480         110571       -568.659
           1490         111361       -657.162
           1500         112134       -817.331
           1510         112677       -606.864
           1520         113289       -859.655
           1530         114010       -712.713
           1540         114668       -871.576
           1550         115354       -829.083
           1560         116157      -1178.403
           1570         117094       -548.900
           1580         117871       -557.281
           1590         118696       -557.631
           1600         119525       -525.868
           1610         120411       -525.868
           1620         121216       -525.868
           1630         122035       -535.123
           1640         122917       -535.123
           1650         123851       -535.123
           1660         124724       -535.123
           1670         125702       -535.123
           1680         126697       -535.123
           1690         127665       -535.123
           1700         128665       -535.123
           1710         129640       -535.123
           1720         130640       -616.495
           1730         131364       -574.225
           1740         132194       -535.924
           1750         133065       -567.074
           1760         134011       -567.074
           1770         134984       -527.242
           1780         135945       -527.242
           1790         136878       -527.242
           1800         137878       -525.868
           1810         138878       -525.868
           1820         139807       -525.868
           1830         140807       -525.868
           1840         141732       -525.868
           1850         142732       -525.868
           1860         143690       -563.392
           1870         144690       -554.648
           1880         145690       -554.648
           1890         146690       -554.648
           1900         147690       -525.868
           1910         148644       -526.768
           1920         149625       -536.563
           1930         150515       -567.330
           1940         151468       -554.648
           1950         152468       -525.868
           1960         153468       -536.563
           1970         154455       -576.619
           1980         155379       -575.999
           1990         156340       -580.563
           2000         157295       -575.999
           2010         158266       -566.294
           2020         159234       -603.620
           2030         160234       -556.610
           2040         161171       -556.610
           2050         162102       -526.768
           2060         163100       -526.768
           2070         164049       -525.868
           2080         165044       -525.868
           2090         166044       -525.868
           2100         167044       -525.868
           2110         168044       -525.868
           2120         169044       -525.868
           2130         170042       -563.092
           2140         171042       -536.760
           2150         171966       -536.760
           2160         172895       -536.760
           2170         173809       -525.868
           2180         174809       -525.868
           2190         175759       -525.868
           2200         176759       -525.868
           2210         177686       -525.868
           2220         178686       -525.868
           2230         179610       -525.868
           2240         180565       -525.868
           2250         181565       -555.016
           2260         182565       -571.803
           2270         183565       -545.628
           2280         184518       -535.123
           2290         185518       -535.123
           2300         186503       -535.123
           2310         187503       -547.180
           2320         188503       -535.123
           2330         189503       -535.123
           2340         190503       -535.123
           2350         191453       -535.123
           2360         192453       -535.123
           2370         193416       -562.903
           2380         194373       -535.123
           2390         195373       -535.123
           2400         196373       -535.123
           2410         197304       -535.123
           2420         198266       -535.123
           2430         199266       -535.123
           2440         200266       -535.123
           2450         201248       -535.123
           2460         202248       -535.123
           2470         203248       -535.123
           2480         204248       -535.123
           2490         205248       -535.123
           2500         206248       -535.123
           2510         207248       -535.123
           2520         208248       -535.123
           2530         209248       -545.775
           2540         210248       -545.775
           2550         211248       -579.164
           2560         212248       -526.768
           2570         213248       -526.768
           2580         214203       -525.868
           2590         215203       -525.868
           2600         216203       -525.868
           2610         217203       -525.868
           2620         218203       -525.868
           2630         219203       -525.868
           2640         220133       -525.868
           2650         221080       -525.868
           2660         222080       -525.868
           2670         223080       -563.092
           2680         224080       -525.868
           2690         225080       -563.092
           2700         225944       -563.092
           2710         226944       -526.768
           2720         227944       -526.768
           2730         228944       -526.768
           2740         229872       -526.768
           2750         230872       -526.768
           2760         231872       -525.868
           2770         232801       -525.868
           2780         233801       -525.868
           2790         234801       -525.868
           2800         235801       -525.868
           2810         236801       -536.760
           2820         237795       -525.868
           2830         238795       -525.868
           2840         239736       -525.868
           2850         240736       -525.868
           2860         241736       -525.868
           2870         242736       -525.868
           2880         243672       -563.092
           2890         244672       -525.868
           2900         245672       -525.868
           2910         246672       -525.868
           2920         247672       -525.868
           2930         248672       -525.868
           2940         249672       -525.868
           2950         250672       -525.868
           2960         251672       -525.868
           2970         252672       -525.868
           2980         253672       -527.242
           2990         254597       -536.760
           3000         255597       -536.760
           3010         256597       -536.760
           3020         257597       -536.760
           3030         258597       -536.760
           3040         259559       -536.760
           3050         260559       -536.760
           3060         261559       -536.760
           3070         262559       -536.760
           3080         263526       -536.809
           3090         264526       -525.868
           3100         265508       -525.868
           3110         266508       -563.392
           3120         267508       -563.392
           3130         268508       -525.868
           3140         269508       -553.608
           3150         270508       -553.608
           3160         271508       -553.608
           3170         272508       -553.608
           3180         273493       -553.608
           3190         274493       -553.608
           3200         275493       -553.608
           3210         276493       -553.608
           3220         277493       -553.608
           3230         278493       -545.276
           3240         279493       -545.276
           3250         280493       -545.276
           3260         281493       -545.276
           3270         282493       -553.608
           3280         283493       -525.868
           3290         284493       -563.392
           3300         285493       -563.392
           3310         286493       -525.868
           3320         287493       -525.868
           3330         288493       -525.868
           3340         289493       -563.392
           3350         290493       -563.392
           3360         291493       -554.648
           3370         292493       -554.648
           3380         293493       -554.648
           3390         294493       -554.648
           3400         295466       -577.177
           3410         296431       -567.893
           3420         297431       -554.648
           3430         298431       -583.374
           3440         299431       -525.868
           3450         300431       -525.868
           3460         301431       -525.868
           3470         302431       -525.868
           3480         303431       -525.868
           3490         304431       -525.868
           3500         305431       -525.868
           3510         306431       -525.868
           3520         307431       -525.868
           3530         308431       -525.868
           3540         309431       -525.868
           3550         310431       -525.868
           3560         311431       -525.868
           3570         312431       -525.868
           3580         313431       -525.868
           3590         314431       -525.868
           3600         315431       -547.785
           3610         316431       -625.136
           3620         317431       -598.126
           3630         318431       -627.297
           3640         319431       -587.021
           3650         320431       -587.021
           3660         321361       -577.415
           3670         322361       -598.126
           3680         323336       -598.126
           3690         324336       -598.126
           3700         325336       -598.126
           3710         326336       -625.136
           3720         327336       -625.136
           3730         328336       -598.126
           3740         329336       -598.126
           3750         330336       -598.126
           3760         331336       -598.126
           3770         332336       -598.126
           3780         333336       -598.126
           3790         334336       -598.126
           3800         335336       -598.126
           3810         336336       -624.511
           3820         337336       -606.525
           3830         338336       -587.021
           3840         339336       -587.021
           3850         340336       -577.415
           3860         341336       -576.474
           3870         342336       -576.474
           3880         343336       -608.529
           3890         344336       -608.529
           3900         345336       -576.474
           3910         346336       -577.415
           3920         347336       -576.474
           3930         348336       -576.474
           3940         349336       -577.415
           3950         350336       -577.415
           3960         351336       -577.415
           3970         352336       -577.415
           3980         353336       -577.415
           3990         354336       -577.415
           4000         355336       -577.415
           4010         356336       -577.415
           4020         357336       -587.021
           4030         358336       -597.249
           4040         359336       -937.300
           4050         360336       -616.537
           4060         361336       -598.179
           4070         362336       -598.179
           4080         363336       -598.179
           4090         364336       -578.237
           4100         365336       -578.237
           4110         366336       -586.341
           4120         367336       -556.050
           4130         368336       -547.785
           4140         369261       -547.785
           4150         370261       -547.785
           4160         371261       -547.785
           4170         372261       -547.785
           4180         373261       -547.785
           4190         374261       -547.785
           4200         375261       -556.050
           4210         376261       -556.050
           4220         377261       -556.050
           4230         378261       -550.399
           4240         379261       -547.785
           4250         380261       -547.785
           4260         381261       -547.785
           4270         382261       -547.785
           4280         383189       -547.785
           4290         384189       -547.785
           4300         385189       -547.785
           4310         386189       -547.785
           4320         387189       -547.785
           4330         388189       -547.785
           4340         389189       -547.785
           4350         390189       -556.050
           4360         391189       -556.050
           4370         392113       -556.050
           4380         393113       -550.399
           4390         394113       -550.399
           4400         395113       -550.399
           4410         396113       -550.399
           4420         397113       -550.399
           4430         398113       -550.399
           4440         399113       -550.399
           4450         400113       -547.785
           4460         401113       -547.785
           4470         402113       -547.785
           4480         403113       -550.399
           4490         404113       -550.399
           4500         405113       -550.399
           4510         406113       -550.399
           4520         407113       -550.399
           4530         408113       -550.399
           4540         409113       -550.399
           4550         410041       -550.399
           4560         411041       -550.399
           4570         412041       -550.399
           4580         413041       -547.785
           4590         414041       -547.785
           4600         415041       -547.785
           4610         416041       -547.785
           4620         417041       -547.785
           4630         418041       -547.785
           4640         419041       -525.868
           4650         420041       -525.868
           4660         421041       -525.868
           4670         422041       -525.868
           4680         423041       -554.648
           4690         424041       -554.648
           4700         425041       -554.648
           4710         426041       -525.868
           4720         427041       -525.868
           4730         428041       -525.868
           4740         429041       -525.868
           4750         430041       -525.868
           4760         431041       -554.648
           4770         432041       -525.868
           4780         433041       -525.868
           4790         434041       -525.868
           4800         435041       -525.868
           4810         436041       -525.868
           4820         437041       -525.868
           4830         438041       -525.868
           4840         439041       -525.868
           4850         440041       -525.868
           4860         440993       -554.648
           4870         441993       -554.648
           4880         442993       -554.648
           4890         443993       -556.702
           4900         444993       -554.648
           4910         445993       -554.648
           4920         446993       -554.648
           4930         447993       -554.648
           4940         448993       -554.648
           4950         449993       -554.648
           4960         450993       -554.648
           4970         451993       -554.648
           4980         452993       -525.868
           4990         453993       -525.868
           5000         454993       -525.868
           5010         455993       -525.868
           5020         456993       -525.868
           5030         457993       -525.868
           5040         458993       -525.868
           5050         459993       -525.868
           5060         460993       -525.868
           5070         461993       -525.868
           5080         462993       -525.868
           5090         463993       -525.868
           5100         464993       -525.868
           5110         465993       -525.868
           5120         466993       -525.868
           5130         467993       -525.868
           5140         468993       -525.868
           5150         469993       -525.868
           5160         470993       -525.868
           5170         471993       -525.868
           5180         472993       -525.868
           5190         473993       -525.868
           5200         474993       -525.868
           5210         475993       -525.868
           5220         476993       -525.868
           5230         477993       -525.868
           5240         478993       -525.868
           5250         479993       -525.868
           5260         480993       -525.868
           5270         481993       -525.868
           5280         482993       -525.868
           5290         483993       -525.868
           5300         484993       -525.868
           5310         485993       -525.868
           5320         486993       -525.868
           5330         487993       -525.868
           5340         488993       -525.868
           5350         489993       -525.868
           5360         490993       -525.868
           5370         491993       -525.868
           5380         492993       -525.868
           5390         493993       -525.868
           5400         494993       -525.868
           5410         495993       -525.868
           5420         496993       -525.868
           5430         497993       -525.868
           5440         498993       -525.868
           5450         499993       -525.868
