             10            720      -1536.196
             20           1393      -3106.715
             30           2320      -5539.372
             40           3137      -5691.118
             50           3994      -4493.335
             60           4806      -6060.098
             70           5693      -4904.226
             80           6654      -4581.242
             90           7557      -5836.800
            100           8524      -6407.549
            110           9449      -6136.021
            120          10408      -5841.853
            130          11337      -5807.629
            140          12337      -6619.372
            150          13327      -7797.731
            160          14264      -6485.993
            170          15236      -5925.548
            180          16101      -4984.275
            190          17069      -6824.002
            200          18068      -5958.614
            210          18994      -5766.935
            220          19979      -5890.609
            230          20921      -5674.490
            240          21777      -6629.168
            250          22688      -5632.600
            260          23634      -6084.317
            270          24593      -5167.204
            280          25550      -6752.118
            290          26549      -6110.808
            300          27549      -5444.041
            310          28515      -4934.802
            320          29433      -7042.337
            330          30381      -7284.488
            340          31348      -6413.961
            350          32348      -5696.584
            360          33324      -5487.618
            370          34278      -5468.359
            380          35278      -6180.627
            390          36256      -4470.715
            400          37218      -7452.760
            410          38164      -6424.471
            420          39103      -5259.567
            430          40064      -5219.460
            440          41057      -5275.986
            450          42057      -5732.124
            460          43004      -5685.257
            470          43989      -6986.762
            480          44962      -4934.802
            490          45962      -5536.914
            500          46962      -6478.027
            510          47937      -5756.266
            520          48915      -5767.744
            530          49889      -6599.965
            540          50725      -5290.349
            550          51637      -6018.009
            560          52538      -5369.144
            570          53445      -2385.580
            580          54313      -4334.534
            590          55084      -6021.707
            600          56021      -4866.683
            610          56901      -5477.659
            620          57832      -5006.331
            630          58741      -5551.142
            640          59739      -6001.459
            650          60655      -5058.365
            660          61603      -5496.395
            670          62508      -6597.770
            680          63269      -5257.773
            690          64163      -5396.254
            700          65038      -7294.935
            710          65722      -2190.597
            720          66503      -4014.422
            730          67277      -5339.736
            740          68038      -5538.968
            750          68814      -5410.388
            760          69672      -2578.172
            770          70463      -4077.956
            780          71315      -6378.092
            790          72176      -7069.598
            800          73068      -4802.977
            810          73907      -2244.480
            820          74651      -2914.938
            830          75380      -4954.885
            840          76191      -5392.404
            850          76924      -3813.662
            860          77584      -6482.494
            870          78478      -3616.372
            880          79215      -5289.944
            890          80095      -5459.587
            900          80867      -6025.643
            910          81674      -5221.082
            920          82395      -2248.910
            930          83073      -4302.529
            940          83782      -3545.352
            950          84310      -3655.326
            960          84977      -1043.618
            970          85629      -4824.028
            980          86321      -3211.875
            990          87027      -3679.816
           1000          87793      -5755.109
           1010          88554      -5602.507
           1020          89328      -1096.315
           1030          89913      -3227.998
           1040          90513      -2790.650
           1050          91194      -2394.877
           1060          92014      -1163.162
           1070          92799      -3827.817
           1080          93503      -4770.330
           1090          94285      -3263.984
           1100          95127      -6249.280
           1110          95855      -2869.627
           1120          96715      -1028.466
           1130          97523      -1089.652
           1140          98189      -1062.696
           1150          98790      -7597.477
           1160          99525      -4366.617
           1170         100317      -3136.072
           1180         101023      -1148.582
           1190         101617      -1041.455
           1200         102259      -5879.038
           1210         102855      -5194.091
           1220         103746      -4679.132
           1230         104416      -2949.757
           1240         105064      -5010.195
           1250         105859      -4639.941
           1260         106590      -3243.701
           1270         107170      -3287.802
           1280         107725      -2212.107
           1290         108447      -3231.796
           1300         109178      -1120.747
           1310         109878      -7274.343
           1320         110590      -2415.379
           1330         111269      -2210.906
           1340         112063      -2767.509
           1350         112814      -1058.720
           1360         113528      -1062.385
           1370         114122       -962.347
           1380         114724      -2684.626
           1390         115302      -1109.582
           1400         115820      -2711.719
           1410         116622      -2492.448
           1420         117370      -1048.742
           1430         118227      -4659.047
           1440         118849      -5279.521
           1450         119557      -3661.970
           1460         120314      -5138.329
           1470         121113      -4502.418
           1480         121838      -4652.596
           1490         122452      -4742.938
           1500         123241      -2168.831
           1510         123873      -1000.721
           1520         124575       -959.978
           1530         125201      -1195.832
           1540         125929       -888.620
           1550         126733       -784.781
           1560         127646       -712.732
           1570         128502       -712.732
           1580         129426       -712.732
           1590         130339       -712.732
           1600         131182       -712.732
           1610         132036       -712.732
           1620         132969       -712.732
           1630         133748       -722.505
           1640         134621       -722.505
           1650         135610       -722.505
           1660         136471       -713.173
           1670         137396       -712.436
           1680         138230       -712.732
           1690         139142       -712.732
           1700         140142       -732.147
           1710         140956       -704.202
           1720         141888       -704.202
           1730         142820       -704.202
           1740         143728       -704.202
           1750         144693       -704.202
           1760         145454       -745.806
           1770         146389       -989.757
           1780         147223       -790.656
           1790         148056       -754.405
           1800         148782      -2263.274
           1810         149582       -986.701
           1820         150356      -2218.390
           1830         151245       -712.557
           1840         152105       -762.206
           1850         152828       -777.151
           1860         153492       -835.286
           1870         154225      -1018.568
           1880         155091       -794.962
           1890         155882       -771.246
           1900         156643      -1039.139
           1910         157336       -731.253
           1920         158141      -2058.906
           1930         158920       -732.027
           1940         159867      -2659.569
           1950         160784       -695.013
           1960         161670       -732.027
           1970         162670       -732.027
           1980         163670       -732.027
           1990         164608       -732.027
           2000         165536      -3666.834
           2010         166414      -3586.421
           2020         167209       -732.027
           2030         168147       -732.027
           2040         168960       -732.027
           2050         169898       -732.027
           2060         170807       -749.859
           2070         171745       -749.859
           2080         172604       -749.859
           2090         173502       -703.731
           2100         174481       -703.731
           2110         175358       -703.731
           2120         176294       -703.731
           2130         177284       -703.731
           2140         178284       -703.731
           2150         179266       -703.731
           2160         180266       -732.027
           2170         181163       -732.027
           2180         182163       -732.027
           2190         183119       -732.027
           2200         184061       -820.893
           2210         184973       -732.027
           2220         185956       -732.027
           2230         186900       -732.027
           2240         187847       -732.027
           2250         188773       -751.017
           2260         189756       -703.731
           2270         190684       -703.731
           2280         191611       -703.731
           2290         192488       -703.731
           2300         193473       -732.027
           2310         194215       -732.027
           2320         195214       -732.027
           2330         196214       -732.027
           2340         197214       -732.027
           2350         198176       -745.321
           2360         199070       -732.027
           2370         199795       -732.027
           2380         200646       -732.027
           2390         201579       -732.027
           2400         202504       -768.348
           2410         203416      -1330.333
           2420         204349       -703.731
           2430         205286       -703.731
           2440         206218       -703.731
           2450         207128       -703.731
           2460         208128      -1077.308
           2470         209067       -704.309
           2480         210010       -703.731
           2490         210960       -703.731
           2500         211859       -703.731
           2510         212859       -703.731
           2520         213859       -703.731
           2530         214856      -2219.967
           2540         215856       -703.731
           2550         216856       -703.731
           2560         217744       -703.731
           2570         218652       -703.731
           2580         219652       -703.731
           2590         220615       -758.198
           2600         221531       -703.731
           2610         222521       -703.731
           2620         223424       -703.731
           2630         224341       -703.731
           2640         225296       -805.489
           2650         226222       -732.027
           2660         227154       -703.731
           2670         228104       -703.731
           2680         229046       -703.731
           2690         230001       -703.731
           2700         230968       -703.731
           2710         231968       -703.731
           2720         232939       -703.731
           2730         233939       -703.731
           2740         234939       -703.731
           2750         235918       -703.731
           2760         236876       -703.731
           2770         237719       -703.731
           2780         238647       -758.198
           2790         239647       -703.731
           2800         240647       -703.731
           2810         241647       -703.731
           2820         242641       -703.731
           2830         243578       -703.731
           2840         244526       -703.731
           2850         245480       -703.731
           2860         246341       -703.731
           2870         247341       -703.731
           2880         248329       -758.198
           2890         249258       -758.198
           2900         250191       -770.014
           2910         251095       -704.117
           2920         252082       -704.117
           2930         253013       -704.117
           2940         253969       -703.731
           2950         254833       -703.731
           2960         255833       -703.731
           2970         256833       -703.731
           2980         257784       -759.258
           2990         258784       -703.731
           3000         259746       -703.731
           3010         260746       -703.731
           3020         261639       -703.731
           3030         262528       -758.198
           3040         263497       -758.198
           3050         264497       -705.938
           3060         265431       -703.731
           3070         266425       -758.198
           3080         267399       -820.893
           3090         268399       -703.731
           3100         269399       -703.731
           3110         270280       -703.731
           3120         271202       -703.731
           3130         272135       -703.731
           3140         273080       -732.027
           3150         273961       -732.027
           3160         274961       -732.027
           3170         275888       -820.893
           3180         276888       -715.248
           3190         277803       -703.731
           3200         278803       -703.731
           3210         279742       -703.731
           3220         280742       -703.731
           3230         281742       -703.731
           3240         282647       -703.731
           3250         283647       -703.731
           3260         284602       -703.731
           3270         285602       -703.731
           3280         286602       -703.731
           3290         287513       -703.731
           3300         288472       -703.731
           3310         289427       -703.731
           3320         290311       -758.198
           3330         291311       -820.893
           3340         292311       -703.731
           3350         293311       -703.731
           3360         294239       -703.731
           3370         295239       -703.731
           3380         296239       -703.731
           3390         297239       -703.731
           3400         298239       -703.731
           3410         299239       -703.731
           3420         300168       -703.731
           3430         301039       -703.731
           3440         302039       -703.731
           3450         303039       -703.731
           3460         303971       -703.731
           3470         304929       -703.731
           3480         305929       -703.731
           3490         306789       -703.731
           3500         307789       -703.731
           3510         308789       -703.731
           3520         309789       -703.731
           3530         310718       -703.731
           3540         311652       -703.731
           3550         312509       -703.731
           3560         313476       -703.731
           3570         314416       -703.731
           3580         315416       -703.731
           3590         316316       -703.731
           3600         317316       -703.731
           3610         318316       -703.731
           3620         319268       -703.731
           3630         320268       -820.893
           3640         321199       -703.731
           3650         322153       -703.731
           3660         323085       -703.731
           3670         324018       -703.731
           3680         325018       -703.731
           3690         326018       -703.731
           3700         327018       -715.248
           3710         328018       -758.198
           3720         329018       -703.731
           3730         330018       -703.731
           3740         331018       -703.731
           3750         332018       -703.731
           3760         333018       -703.731
           3770         334018       -703.731
           3780         335018       -703.731
           3790         335969       -703.731
           3800         336969       -703.731
           3810         337969       -703.731
           3820         338930       -703.731
           3830         339930       -703.731
           3840         340861       -703.731
           3850         341801       -703.731
           3860         342801       -703.731
           3870         343695       -703.731
           3880         344695       -703.731
           3890         345695       -703.731
           3900         346626       -703.731
           3910         347626       -703.731
           3920         348626       -703.731
           3930         349626       -703.731
           3940         350512       -703.731
           3950         351512       -703.731
           3960         352444       -703.731
           3970         353444       -703.731
           3980         354444       -703.731
           3990         355386       -703.731
           4000         356386       -703.731
           4010         357386       -703.731
           4020         358336       -703.731
           4030         359336       -703.731
           4040         360336       -703.731
           4050         361336       -703.731
           4060         362336       -703.731
           4070         363336       -703.731
           4080         364336       -703.731
           4090         365284       -703.731
           4100         366284       -703.731
           4110         367284       -703.731
           4120         368284       -703.731
           4130         369247       -758.198
           4140         370131       -758.198
           4150         371131       -793.275
           4160         372131       -715.248
           4170         373131       -703.731
           4180         374131       -703.731
           4190         375131       -703.731
           4200         376099       -703.731
           4210         377099       -749.859
           4220         378099       -749.859
           4230         379099       -749.859
           4240         380099       -703.731
           4250         381099       -703.731
           4260         382060       -703.731
           4270         383060       -703.731
           4280         384060       -703.731
           4290         385060       -703.731
           4300         385993       -703.731
           4310         386993       -703.731
           4320         387993       -703.731
           4330         388993       -703.731
           4340         389993       -703.731
           4350         390993       -703.731
           4360         391993       -703.731
           4370         392993       -703.731
           4380         393947       -703.731
           4390         394920       -703.731
           4400         395920       -695.013
           4410         396920       -703.731
           4420         397920       -703.731
           4430         398920       -703.731
           4440         399852       -703.731
           4450         400852       -703.731
           4460         401852       -703.731
           4470         402852       -703.731
           4480         403852       -703.731
           4490         404852       -703.731
           4500         405852       -703.731
           4510         406814       -703.731
           4520         407814       -703.731
           4530         408814       -749.859
           4540         409814       -703.731
           4550         410747       -703.731
           4560         411747       -703.731
           4570         412747       -703.731
           4580         413747       -703.731
           4590         414747       -703.731
           4600         415747       -703.731
           4610         416747       -703.731
           4620         417747       -703.731
           4630         418747       -703.731
           4640         419679       -703.731
           4650         420679       -703.731
           4660         421679       -703.731
           4670         422679       -703.731
           4680         423679       -703.731
           4690         424679       -703.731
           4700         425679       -703.731
           4710         426679       -703.731
           4720         427679       -703.731
           4730         428679       -703.731
           4740         429605       -703.731
           4750         430605       -703.731
           4760         431605       -703.731
           4770         432605       -703.731
           4780         433605       -703.731
           4790         434605       -703.731
           4800         435605       -703.731
           4810         436605       -703.731
           4820         437605       -703.731
           4830         438605       -703.731
           4840         439605       -703.731
           4850         440605       -703.731
           4860         441605       -703.731
           4870         442605       -703.731
           4880         443605       -703.731
           4890         444605       -703.731
           4900         445605       -703.731
           4910         446562       -749.859
           4920         447562       -703.731
           4930         448562       -703.731
           4940         449562       -703.731
           4950         450562       -703.731
           4960         451562       -703.731
           4970         452562       -703.731
           4980         453562       -703.731
           4990         454562       -703.731
           5000         455562       -703.731
           5010         456492       -703.731
           5020         457492       -703.731
           5030         458492       -703.731
           5040         459492       -703.731
           5050         460492       -703.731
           5060         461492       -703.731
           5070         462492       -703.731
           5080         463492       -703.731
           5090         464492       -703.731
           5100         465492       -703.731
           5110         466492       -703.731
           5120         467492       -703.731
           5130         468492       -703.731
           5140         469492       -703.731
           5150         470492       -703.731
           5160         471421       -703.731
           5170         472421       -703.731
           5180         473421       -703.731
           5190         474421       -703.731
           5200         475421       -703.731
           5210         476421       -703.731
           5220         477421       -703.731
           5230         478421       -703.731
           5240         479421       -703.731
           5250         480421       -703.731
           5260         481421       -703.731
           5270         482421       -703.731
           5280         483421       -703.731
           5290         484421       -703.731
           5300         485421       -703.731
           5310         486421       -703.731
           5320         487421       -703.731
           5330         488421       -703.731
           5340         489421       -703.731
           5350         490421       -703.731
           5360         491421       -703.731
           5370         492421       -703.731
           5380         493421       -703.731
           5390         494421       -703.731
           5400         495421       -703.731
           5410         496421       -703.731
           5420         497421       -703.731
           5430         498421       -703.731
           5440         499421       -703.731
