             10            609      -3505.232
             20           1388      -3020.675
             30           2168      -1768.955
             40           2766      -3245.186
             50           3577      -5712.490
             60           4438      -6223.487
             70           5276      -4934.802
             80           6229      -6591.944
             90           7049      -4934.567
            100           7991      -5606.375
            110           8947      -5859.464
            120           9829      -3637.290
            130          10732      -5343.208
            140          11705      -4934.802
            150          12633      -1908.719
            160          13633      -2278.959
            170          14539      -5934.290
            180          15527      -5497.078
            190          16414      -5587.947
            200          17394      -6091.284
            210          18355      -5719.500
            220          19348      -5807.640
            230          20198      -6561.742
            240          21152      -5741.547
            250          22117      -5269.231
            260          23029      -5682.620
            270          23877      -6638.858
            280          24855      -5258.047
            290          25855      -6734.891
            300          26855      -6283.226
            310          27775      -6026.269
            320          28727      -5999.517
            330          29682      -6515.072
            340          30677      -5999.618
            350          31677      -6614.064
            360          32677      -5622.370
            370          33612      -2940.873
            380          34522      -6384.446
            390          35503      -5131.736
            400          36435      -5864.130
            410          37377      -6330.211
            420          38359      -7282.025
            430          39359      -5541.023
            440          40308      -5328.458
            450          41216      -4193.311
            460          42100      -6369.256
            470          43100      -6239.891
            480          44100      -6134.906
            490          45100      -5177.557
            500          46059      -5067.989
            510          47059      -6027.875
            520          48028      -6373.778
            530          49028      -6747.029
            540          50028      -6166.691
            550          51018      -5838.993
            560          51987      -6247.740
            570          52900      -6016.351
            580          53864      -6143.369
            590          54864      -5147.996
            600          55790      -7570.590
            610          56706      -6588.029
            620          57645      -5259.371
            630          58645      -6775.612
            640          59571      -4535.898
            650          60480      -7677.989
            660          61288      -5889.423
            670          62160      -6317.314
            680          63101      -6952.750
            690          63918      -5586.571
            700          64793      -4895.603
            710          65756      -3162.482
            720          66642      -7373.359
            730          67642      -7735.398
            740          68641      -6806.970
            750          69512      -5586.805
            760          70430      -6195.347
            770          71356      -6800.210
            780          72277      -5930.963
            790          73131      -4494.275
            800          73847      -4677.539
            810          74618      -2734.346
            820          75522      -5036.276
            830          76443      -5571.675
            840          77384      -5571.581
            850          78160      -5658.323
            860          78840      -8592.487
            870          79381      -4766.808
            880          80145      -5695.621
            890          80956      -3613.920
            900          81619      -5412.865
            910          82394      -4065.826
            920          83094      -5456.719
            930          83746      -8196.744
            940          84470      -3802.122
            950          85160      -3802.122
            960          85894      -2675.890
            970          86752      -5951.639
            980          87461      -5898.882
            990          88241      -5901.285
           1000          88985      -5847.991
           1010          89614      -6227.704
           1020          90253      -5076.082
           1030          90822       -890.715
           1040          91427      -6082.367
           1050          92054      -5106.183
           1060          92584      -2635.107
           1070          93214      -2050.313
           1080          93768      -2703.981
           1090          94468      -5294.782
           1100          95100      -6954.602
           1110          95829      -2535.175
           1120          96470       -918.819
           1130          97050      -4864.443
           1140          97703       -908.224
           1150          98173      -1011.705
           1160          98825       -926.352
           1170          99360      -1000.683
           1180          99932      -1067.794
           1190         100562       -886.835
           1200         101127      -5688.264
           1210         101912       -954.362
           1220         102594      -1215.414
           1230         103329      -2266.497
           1240         103954      -4074.234
           1250         104683      -1007.620
           1260         105429      -2255.042
           1270         106135      -5910.577
           1280         106824       -926.797
           1290         107398      -1016.685
           1300         108017      -3437.395
           1310         108737      -2403.617
           1320         109478      -5763.259
           1330         110181       -883.980
           1340         110893      -5585.812
           1350         111591       -900.015
           1360         112314       -859.023
           1370         112998      -2284.288
           1380         113689      -1078.045
           1390         114402      -2089.576
           1400         115085       -943.040
           1410         115767      -3106.542
           1420         116375      -1066.490
           1430         116935      -2559.447
           1440         117497      -1180.962
           1450         118012       -950.404
           1460         118614      -1112.953
           1470         119151      -1117.431
           1480         119617       -914.409
           1490         120261       -898.024
           1500         120832       -826.025
           1510         121556      -1051.079
           1520         122194       -844.269
           1530         122868      -1927.274
           1540         123457      -1128.562
           1550         124236       -935.817
           1560         125013       -972.076
           1570         125583      -1038.197
           1580         126237       -629.551
           1590         126970      -4193.511
           1600         127913       -994.961
           1610         128704       -911.068
           1620         129464       -893.904
           1630         130117       -867.090
           1640         130832       -943.905
           1650         131562       -933.290
           1660         132264      -2721.748
           1670         133040       -969.951
           1680         133773       -880.642
           1690         134515       -968.196
           1700         135308      -5730.624
           1710         136142      -2556.882
           1720         136906      -3726.892
           1730         137633      -4081.772
           1740         138504      -1845.100
           1750         139341      -1787.365
           1760         140307      -1767.083
           1770         141156      -1779.177
           1780         142087      -3730.700
           1790         142971      -6197.707
           1800         143850       -577.706
           1810         144807       -665.854
           1820         145615       -636.811
           1830         146531       -627.366
           1840         147415       -647.679
           1850         148372       -627.366
           1860         149372       -636.811
           1870         150371       -636.811
           1880         151201       -636.811
           1890         152106      -5760.600
           1900         153070       -577.706
           1910         154070       -577.706
           1920         154972       -577.706
           1930         155759       -577.706
           1940         156681       -577.706
           1950         157587       -577.706
           1960         158534       -577.706
           1970         159406       -577.706
           1980         160281       -607.144
           1990         161172       -654.527
           2000         162038       -598.158
           2010         162852       -588.157
           2020         163852       -608.519
           2030         164754       -618.598
           2040         165663       -608.519
           2050         166663       -608.519
           2060         167601       -608.519
           2070         168459       -577.706
           2080         169326       -577.706
           2090         170241       -577.706
           2100         171171       -577.706
           2110         171999       -597.642
           2120         172924       -597.642
           2130         173878       -577.706
           2140         174839       -608.519
           2150         175770       -608.519
           2160         176709      -5187.515
           2170         177638      -3754.334
           2180         178492      -3754.334
           2190         179472      -2504.375
           2200         180422      -2495.225
           2210         181250      -2495.225
           2220         182182      -4437.364
           2230         183182      -1877.147
           2240         184168      -1877.147
           2250         185114      -1877.147
           2260         186043      -5439.777
           2270         186970      -5439.777
           2280         187927      -5709.950
           2290         188927      -5386.961
           2300         189927       -595.904
           2310         190927       -634.864
           2320         191927       -627.540
           2330         192831       -577.706
           2340         193815       -661.811
           2350         194676       -597.217
           2360         195527       -596.787
           2370         196527       -627.573
           2380         197432       -607.837
           2390         198409       -598.721
           2400         199360       -681.248
           2410         200280       -598.721
           2420         201241       -618.056
           2430         202188       -596.787
           2440         203122       -596.787
           2450         204103       -596.787
           2460         205029       -596.787
           2470         205933       -596.787
           2480         206855       -596.787
           2490         207807       -596.787
           2500         208740       -624.450
           2510         209740       -626.498
           2520         210711       -626.498
           2530         211629       -626.498
           2540         212547       -606.331
           2550         213536       -638.338
           2560         214536       -577.706
           2570         215536       -577.706
           2580         216426       -577.706
           2590         217426       -577.706
           2600         218426       -577.706
           2610         219380       -577.706
           2620         220355       -577.706
           2630         221307       -577.706
           2640         222295       -577.706
           2650         223260       -577.706
           2660         224201       -629.527
           2670         225201       -577.706
           2680         226201       -588.157
           2690         227201       -588.157
           2700         228201       -588.157
           2710         229158       -609.610
           2720         230158       -599.200
           2730         231158       -599.200
           2740         232084       -599.200
           2750         232929       -627.044
           2760         233929       -599.200
           2770         234929       -599.889
           2780         235929       -599.889
           2790         236896       -596.991
           2800         237896       -637.951
           2810         238896       -596.991
           2820         239761       -599.176
           2830         240761       -640.749
           2840         241761       -599.176
           2850         242761       -599.176
           2860         243761       -599.176
           2870         244756       -599.176
           2880         245746       -599.176
           2890         246746       -599.176
           2900         247746       -599.176
           2910         248687       -599.176
           2920         249687       -599.176
           2930         250626       -658.428
           2940         251509       -659.709
           2950         252444       -620.092
           2960         253440       -610.562
           2970         254434       -610.562
           2980         255434       -598.921
           2990         256434       -598.921
           3000         257428       -685.246
           3010         258371       -609.882
           3020         259371       -609.882
           3030         260369       -609.882
           3040         261369       -608.145
           3050         262369       -609.882
           3060         263369       -609.882
           3070         264257       -608.145
           3080         265181       -608.145
           3090         266111       -613.126
           3100         267111       -613.126
           3110         267980       -608.145
           3120         268980       -608.145
           3130         269980       -608.145
           3140         270980       -608.145
           3150         271903       -608.145
           3160         272849       -625.418
           3170         273849       -625.418
           3180         274849       -636.622
           3190         275849       -627.628
           3200         276849       -608.174
           3210         277849       -647.395
           3220         278849       -608.174
           3230         279849       -608.174
           3240         280849       -608.174
           3250         281849       -608.174
           3260         282849       -608.174
           3270         283828       -608.174
           3280         284828       -608.174
           3290         285828       -647.395
           3300         286808       -588.185
           3310         287808       -608.145
           3320         288798       -653.964
           3330         289798       -608.145
           3340         290798       -608.145
           3350         291798       -608.145
           3360         292798       -608.145
           3370         293798       -608.145
           3380         294798       -608.145
           3390         295798       -608.145
           3400         296798       -608.145
           3410         297739       -645.577
           3420         298691       -645.577
           3430         299616       -645.577
           3440         300470       -645.060
           3450         301470       -608.145
           3460         302470       -629.779
           3470         303470       -629.779
           3480         304470       -619.852
           3490         305424       -619.852
           3500         306424       -609.882
           3510         307424       -609.882
           3520         308365       -608.145
           3530         309365       -608.145
           3540         310365       -645.577
           3550         311365       -608.145
           3560         312365       -645.577
           3570         313365       -645.577
           3580         314365       -629.778
           3590         315321       -607.842
           3600         316321       -607.842
           3610         317321       -607.842
           3620         318321       -607.842
           3630         319321       -607.842
           3640         320321       -607.842
           3650         321321       -607.842
           3660         322321       -607.842
           3670         323321       -607.842
           3680         324321       -607.842
           3690         325254       -628.474
           3700         326254       -628.474
           3710         327254       -628.474
           3720         328254       -656.778
           3730         329254       -656.778
           3740         330219       -607.842
           3750         331219       -607.842
           3760         332219       -607.842
           3770         333219       -607.842
           3780         334219       -628.474
           3790         335219       -628.474
           3800         336219       -607.842
           3810         337219       -607.842
           3820         338219       -607.842
           3830         339212       -607.842
           3840         340212       -645.577
           3850         341212       -645.577
           3860         342212       -645.577
           3870         343162       -626.581
           3880         344146       -626.581
           3890         345099       -626.581
           3900         346099       -626.581
           3910         347099       -626.581
           3920         348099       -626.581
           3930         349099       -626.581
           3940         350099       -626.581
           3950         351099       -626.581
           3960         352099       -626.581
           3970         353045       -626.581
           3980         354045       -626.581
           3990         355009       -626.581
           4000         356008       -626.581
           4010         357008       -626.581
           4020         358008       -626.581
           4030         358940       -609.882
           4040         359940       -609.882
           4050         360940       -609.882
           4060         361940       -619.714
           4070         362940       -626.581
           4080         363940       -626.581
           4090         364872       -626.581
           4100         365872       -626.581
           4110         366872       -626.581
           4120         367844       -626.581
           4130         368844       -626.581
           4140         369844       -626.581
           4150         370844       -626.581
           4160         371844       -626.581
           4170         372844       -653.029
           4180         373844       -626.581
           4190         374844       -626.581
           4200         375796       -626.581
           4210         376772       -629.779
           4220         377772       -608.145
           4230         378694       -608.145
           4240         379694       -608.145
           4250         380694       -608.145
           4260         381647       -608.145
           4270         382647       -608.145
           4280         383647       -608.145
           4290         384643       -645.577
           4300         385643       -645.577
           4310         386583       -628.474
           4320         387583       -628.474
           4330         388583       -646.760
           4340         389583       -628.366
           4350         390583       -608.145
           4360         391583       -608.145
           4370         392583       -608.145
           4380         393555       -608.145
           4390         394555       -608.145
           4400         395555       -608.145
           4410         396555       -608.145
           4420         397555       -608.145
           4430         398555       -608.145
           4440         399555       -608.145
           4450         400484       -608.145
           4460         401484       -608.145
           4470         402484       -608.145
           4480         403484       -608.145
           4490         404484       -608.145
           4500         405484       -608.145
           4510         406470       -608.145
           4520         407470       -608.145
           4530         408470       -608.145
           4540         409470       -608.145
           4550         410470       -608.145
           4560         411470       -608.145
           4570         412422       -608.145
           4580         413422       -608.145
           4590         414422       -608.145
           4600         415422       -608.145
           4610         416422       -608.145
           4620         417422       -608.145
           4630         418406       -645.577
           4640         419406       -645.577
           4650         420406       -645.577
           4660         421406       -645.577
           4670         422347       -645.577
           4680         423347       -645.060
           4690         424347       -645.577
           4700         425347       -608.145
           4710         426313       -608.145
           4720         427313       -608.145
           4730         428313       -608.145
           4740         429313       -608.145
           4750         430313       -608.145
           4760         431313       -608.145
           4770         432313       -608.145
           4780         433313       -608.145
           4790         434313       -608.145
           4800         435313       -608.145
           4810         436313       -608.145
           4820         437313       -608.145
           4830         438313       -608.145
           4840         439313       -608.145
           4850         440313       -608.145
           4860         441313       -608.145
           4870         442313       -608.145
           4880         443313       -608.145
           4890         444313       -608.145
           4900         445253       -608.145
           4910         446253       -608.145
           4920         447253       -608.145
           4930         448177       -608.145
           4940         449177       -608.145
           4950         450177       -608.145
           4960         451177       -608.145
           4970         452177       -608.145
           4980         453177       -608.145
           4990         454177       -608.145
           5000         455177       -608.145
           5010         456177       -608.145
           5020         457177       -608.145
           5030         458177       -608.145
           5040         459177       -608.145
           5050         460177       -608.145
           5060         461177       -608.145
           5070         462177       -608.145
           5080         463177       -664.003
           5090         464177       -608.145
           5100         465177       -608.145
           5110         466177       -608.145
           5120         467177       -608.145
           5130         468177       -608.145
           5140         469177       -608.145
           5150         470177       -608.145
           5160         471177       -608.145
           5170         472101       -608.145
           5180         473101       -608.145
           5190         474101       -645.577
           5200         475101       -645.577
           5210         476101       -645.577
           5220         477101       -608.145
           5230         478101       -608.145
           5240         479073       -645.577
           5250         480073       -645.577
           5260         481073       -645.577
           5270         482073       -645.577
           5280         483073       -645.577
           5290         484073       -645.577
           5300         485073       -608.145
           5310         486073       -608.145
           5320         487073       -608.145
           5330         488073       -608.145
           5340         489073       -608.145
           5350         490073       -608.145
           5360         491073       -608.145
           5370         492073       -608.145
           5380         493073       -608.145
           5390         494073       -608.145
           5400         495073       -608.145
           5410         496073       -608.145
           5420         497073       -608.145
           5430         498073       -608.145
           5440         499073       -608.145
