             10            910      -4759.265
             20           1730      -5227.716
             30           2646      -5605.969
             40           3519      -4547.090
             50           4360      -5616.653
             60           5295      -5365.059
             70           6193      -3662.409
             80           7183      -5812.002
             90           8147      -5276.617
            100           9016      -6057.126
            110           9988      -5855.588
            120          10988      -6246.135
            130          11868      -6265.609
            140          12734      -5417.394
            150          13686      -5737.550
            160          14627      -6298.682
            170          15604      -4918.841
            180          16507      -5465.687
            190          17437      -5910.834
            200          18437      -6637.449
            210          19419      -6525.656
            220          20391      -6650.747
            230          21368      -5736.923
            240          22326      -6222.316
            250          23200      -5506.502
            260          24164      -6239.862
            270          25164      -6512.490
            280          26133      -5657.366
            290          27094      -7037.350
            300          27925      -7005.378
            310          28789      -5591.805
            320          29789      -5909.764
            330          30712      -6256.147
            340          31647      -6865.531
            350          32647      -6415.644
            360          33527      -6330.384
            370          34527      -6444.266
            380          35527      -6337.787
            390          36433      -4358.176
            400          37433      -6084.751
            410          38372      -5566.649
            420          39304      -6574.107
            430          40243      -5399.135
            440          41168      -6540.597
            450          42168      -4915.044
            460          43075      -6508.526
            470          44029      -6658.011
            480          44986      -5714.779
            490          45986      -4934.802
            500          46945      -7151.032
            510          47945      -5164.555
            520          48945      -6215.082
            530          49945      -7542.901
            540          50930      -5736.983
            550          51917      -7037.941
            560          52850      -5732.013
            570          53819      -7446.216
            580          54819      -7918.497
            590          55819      -7524.151
            600          56685      -5695.241
            610          57667      -6849.465
            620          58667      -4463.140
            630          59576      -6173.232
            640          60458      -5695.887
            650          61415      -6498.488
            660          62415      -7190.052
            670          63415      -4934.802
            680          64392      -6576.913
            690          65351      -6595.173
            700          66309      -6671.555
            710          67271      -6807.942
            720          68246      -7130.152
            730          69193      -6986.393
            740          70139      -6726.609
            750          71139      -6834.007
            760          72137      -4847.528
            770          73137      -5219.496
            780          74109      -5326.598
            790          75030      -6782.967
            800          75944      -6665.893
            810          76837      -4132.538
            820          77792      -5104.893
            830          78792      -6039.919
            840          79751      -6052.643
            850          80751      -5566.892
            860          81740      -6798.964
            870          82716      -6150.591
            880          83646      -6623.299
            890          84646      -6409.550
            900          85565      -5642.683
            910          86457      -6056.362
            920          87236      -5243.110
            930          88221      -5199.152
            940          89088      -4948.879
            950          90019      -4871.384
            960          90908      -5628.979
            970          91634      -6049.573
            980          92589      -6147.508
            990          93541      -3691.780
           1000          94538      -5744.135
           1010          95442      -6733.949
           1020          96372      -6293.552
           1030          97332      -3507.403
           1040          98263      -7294.655
           1050          99180      -2505.092
           1060         100160      -5951.308
           1070         101005      -4004.883
           1080         101860      -5567.510
           1090         102774      -6048.470
           1100         103484      -7828.910
           1110         104282      -1997.594
           1120         105262      -2080.291
           1130         106051      -2429.310
           1140         106669      -2000.099
           1150         107486      -5860.606
           1160         108291      -3967.279
           1170         109007      -5586.946
           1180         109751      -2054.311
           1190         110614      -3325.821
           1200         111449      -2052.949
           1210         112183      -5753.011
           1220         113113      -5648.184
           1230         113871      -2394.697
           1240         114728      -1779.914
           1250         115684      -2941.664
           1260         116641      -4934.802
           1270         117480      -3731.890
           1280         118375      -3781.430
           1290         119203      -6595.613
           1300         119832      -3297.733
           1310         120755      -2522.434
           1320         121596      -3581.283
           1330         122392      -2742.405
           1340         123258      -3874.582
           1350         124107      -5506.776
           1360         124937      -4659.703
           1370         125788      -5332.551
           1380         126609      -5171.630
           1390         127381      -3700.253
           1400         128254      -5176.522
           1410         129095      -5375.294
           1420         129832      -6285.337
           1430         130628      -5036.728
           1440         131510      -3409.421
           1450         132248      -2578.214
           1460         132988      -4429.668
           1470         133784      -4286.009
           1480         134530      -4865.829
           1490         135281      -2426.415
           1500         135998      -2542.347
           1510         136838      -2512.432
           1520         137505      -4920.540
           1530         138081      -6282.832
           1540         138841      -3109.143
           1550         139517      -2605.099
           1560         140220      -4175.438
           1570         140947      -2841.333
           1580         141748      -2055.758
           1590         142506      -2989.876
           1600         143299      -5067.023
           1610         143984      -6180.905
           1620         144614      -2310.709
           1630         145374      -2528.140
           1640         146169      -7791.971
           1650         147008      -3157.093
           1660         147740      -5579.167
           1670         148564      -3694.387
           1680         149424      -2821.909
           1690         150159      -2891.204
           1700         150899      -2445.720
           1710         151657      -2957.499
           1720         152409      -1957.369
           1730         153265      -4320.644
           1740         154046      -4934.162
           1750         154764      -3465.063
           1760         155438      -2294.809
           1770         156280      -3551.711
           1780         157040      -2633.646
           1790         157827      -3026.623
           1800         158583      -2023.030
           1810         159322      -2313.083
           1820         160052      -3768.810
           1830         160871      -3492.691
           1840         161671      -3227.075
           1850         162503      -1770.908
           1860         163281      -2763.246
           1870         164198      -3192.753
           1880         165019      -2849.120
           1890         165734      -4799.856
           1900         166503      -2801.768
           1910         167228      -4675.120
           1920         168012      -4016.241
           1930         168866      -4159.054
           1940         169683      -2041.164
           1950         170249      -3974.900
           1960         171004      -2630.986
           1970         171878      -2100.467
           1980         172595      -2113.641
           1990         173417      -3640.671
           2000         174233      -1349.350
           2010         175050      -1256.240
           2020         175876      -4059.701
           2030         176658      -1497.173
           2040         177541      -4248.207
           2050         178431      -1653.927
           2060         179223      -3249.222
           2070         180002      -1988.500
           2080         180866      -4327.274
           2090         181633      -1718.794
           2100         182475      -2135.990
           2110         183336      -5222.060
           2120         184095      -3773.912
           2130         184942      -3714.766
           2140         185701      -3335.391
           2150         186350      -4773.501
           2160         187075      -1999.901
           2170         187942      -1683.680
           2180         188690      -4222.390
           2190         189513      -2781.749
           2200         190149      -2541.435
           2210         190945      -3053.382
           2220         191786      -2227.700
           2230         192499      -2441.388
           2240         193339      -2605.917
           2250         194069      -3920.813
           2260         194924      -2942.332
           2270         195800      -1830.963
           2280         196688      -2678.744
           2290         197615      -2279.843
           2300         198503      -2563.633
           2310         199496      -2213.964
           2320         200376       -969.185
           2330         201210      -2685.457
           2340         202160      -4081.437
           2350         203074       -953.987
           2360         204020       -986.803
           2370         204987       -976.324
           2380         205962       -976.324
           2390         206929       -955.802
           2400         207876      -1003.199
           2410         208775       -976.324
           2420         209660      -1007.242
           2430         210544       -957.708
           2440         211544       -957.708
           2450         212398       -955.802
           2460         213398       -955.802
           2470         214328       -955.802
           2480         215328       -955.802
           2490         216257       -955.802
           2500         217186       -955.802
           2510         218186       -955.802
           2520         219140       -955.802
           2530         220108       -955.802
           2540         221108       -955.802
           2550         222074       -955.802
           2560         223048       -992.124
           2570         224048       -976.324
           2580         225009       -976.324
           2590         225982       -936.051
           2600         226828       -936.051
           2610         227731       -936.051
           2620         228731       -936.051
           2630         229670       -936.051
           2640         230585       -962.473
           2650         231519       -962.473
           2660         232473       -924.841
           2670         233411       -971.112
           2680         234384       -924.841
           2690         235384       -924.841
           2700         236384       -956.748
           2710         237300       -955.139
           2720         238259       -955.139
           2730         239146       -964.193
           2740         239818       -937.547
           2750         240789       -937.547
           2760         241701       -986.335
           2770         242635       -975.765
           2780         243466       -981.759
           2790         244419       -981.759
           2800         245308      -2743.396
           2810         246248       -917.730
           2820         247184       -944.412
           2830         248109       -956.387
           2840         249109       -925.218
           2850         250109       -925.218
           2860         251053       -925.218
           2870         251999       -925.218
           2880         252999       -954.995
           2890         253933       -954.995
           2900         254933      -1264.469
           2910         255863       -917.021
           2920         256863       -934.779
           2930         257863       -978.575
           2940         258807       -917.021
           2950         259777       -937.145
           2960         260777       -937.145
           2970         261777       -956.737
           2980         262667       -956.737
           2990         263614       -956.737
           3000         264614       -956.737
           3010         265487       -956.737
           3020         266482       -956.737
           3030         267482       -956.737
           3040         268482       -956.737
           3050         269466       -956.737
           3060         270435       -956.737
           3070         271435       -955.926
           3080         272388       -935.024
           3090         273388       -935.024
           3100         274388       -935.024
           3110         275388       -935.024
           3120         276232       -935.024
           3130         277232       -935.024
           3140         278164       -935.024
           3150         279164       -935.024
           3160         280119       -935.024
           3170         281119       -935.024
           3180         282119      -1001.390
           3190         283119       -925.503
           3200         284100       -956.864
           3210         285031       -958.470
           3220         286031       -958.470
           3230         286978       -958.470
           3240         287971       -955.926
           3250         288971       -935.024
           3260         289971       -935.024
           3270         290844       -935.024
           3280         291824       -935.024
           3290         292824       -935.024
           3300         293824       -935.024
           3310         294824       -935.024
           3320         295780       -935.024
           3330         296780       -935.024
           3340         297710       -955.166
           3350         298640       -944.591
           3360         299640       -946.703
           3370         300640       -937.358
           3380         301630       -937.358
           3390         302630       -937.358
           3400         303586       -966.829
           3410         304586       -927.868
           3420         305560       -952.729
           3430         306491       -952.729
           3440         307426       -952.729
           3450         308426       -952.729
           3460         309426       -952.729
           3470         310426       -952.729
           3480         311426       -952.729
           3490         312426       -952.729
           3500         313426       -952.729
           3510         314426       -952.729
           3520         315357       -952.729
           3530         316357       -952.729
           3540         317307       -954.470
           3550         318307       -954.470
           3560         319307       -954.470
           3570         320234       -954.470
           3580         321234       -954.470
           3590         322234       -954.470
           3600         323234       -954.470
           3610         324234       -954.470
           3620         325234       -952.729
           3630         326234       -952.729
           3640         327234       -954.470
           3650         328234       -952.729
           3660         329234       -952.729
           3670         330164       -952.729
           3680         331164       -934.765
           3690         332113       -934.765
           3700         333113       -934.765
           3710         334113       -934.765
           3720         335113       -934.765
           3730         336071       -934.765
           3740         336955       -934.765
           3750         337905       -934.765
           3760         338905       -934.765
           3770         339905       -952.729
           3780         340905       -952.729
           3790         341905       -934.539
           3800         342905       -934.539
           3810         343905       -934.539
           3820         344905       -934.539
           3830         345905       -934.539
           3840         346905       -944.971
           3850         347905       -944.971
           3860         348905       -944.971
           3870         349905       -944.971
           3880         350905       -944.971
           3890         351841       -934.539
           3900         352841       -934.539
           3910         353841       -934.539
           3920         354841       -934.539
           3930         355841       -934.539
           3940         356841       -934.539
           3950         357841       -934.539
           3960         358841       -934.539
           3970         359841       -934.539
           3980         360841       -934.539
           3990         361841       -944.971
           4000         362841       -944.971
           4010         363841       -944.971
           4020         364841       -944.971
           4030         365841       -944.971
           4040         366841       -944.971
           4050         367841       -944.971
           4060         368841       -944.971
           4070         369841       -944.971
           4080         370819       -944.971
           4090         371819       -944.971
           4100         372819       -934.539
           4110         373819       -934.539
           4120         374819       -934.539
           4130         375756       -934.539
           4140         376756       -934.539
           4150         377756       -934.539
           4160         378756       -934.539
           4170         379756       -934.539
           4180         380756       -934.539
           4190         381756       -934.539
           4200         382756       -934.539
           4210         383756       -934.539
           4220         384701       -934.539
           4230         385701       -946.883
           4240         386701       -944.971
           4250         387653       -944.971
           4260         388598       -944.971
           4270         389598       -944.971
           4280         390598       -944.971
           4290         391598       -934.539
           4300         392598       -934.539
           4310         393527       -934.539
           4320         394527       -934.539
           4330         395527       -934.539
           4340         396527       -934.539
           4350         397527       -934.539
           4360         398527       -934.539
           4370         399458       -934.539
           4380         400391       -934.539
           4390         401391       -934.539
           4400         402391       -934.539
           4410         403338       -934.539
           4420         404338       -934.539
           4430         405338       -934.539
           4440         406338       -934.539
           4450         407338       -983.427
           4460         408338       -944.714
           4470         409338       -944.714
           4480         410338       -944.714
           4490         411338       -944.714
           4500         412338       -944.714
           4510         413338       -944.714
           4520         414338       -944.714
           4530         415338       -944.714
           4540         416338       -944.714
           4550         417266       -944.714
           4560         418266       -944.714
           4570         419266       -934.539
           4580         420266       -934.539
           4590         421266       -934.539
           4600         422266       -934.539
           4610         423266       -934.539
           4620         424266       -934.539
           4630         425266       -934.539
           4640         426266       -934.539
           4650         427266       -934.539
           4660         428266       -934.539
           4670         429266       -934.539
           4680         430266       -934.539
           4690         431266       -934.539
           4700         432266       -934.539
           4710         433266       -934.539
           4720         434266       -934.539
           4730         435266       -934.539
           4740         436266       -934.539
           4750         437198       -934.539
           4760         438198       -934.539
           4770         439141       -934.539
           4780         440141       -934.539
           4790         441141       -934.539
           4800         442141       -934.539
           4810         443141       -934.539
           4820         444141       -971.677
           4830         445095       -934.539
           4840         446028       -934.539
           4850         447028       -934.539
           4860         448028       -934.539
           4870         449028       -934.539
           4880         450028       -934.539
           4890         451028       -934.539
           4900         452028       -934.539
           4910         452974       -934.539
           4920         453974       -934.539
           4930         454974       -934.539
           4940         455974       -934.539
           4950         456974       -934.539
           4960         457974       -934.539
           4970         458974       -934.539
           4980         459974       -934.539
           4990         460974       -934.539
           5000         461974       -934.539
           5010         462974       -934.539
           5020         463974       -934.539
           5030         464974       -934.539
           5040         465974       -934.539
           5050         466974       -934.539
           5060         467974       -934.539
           5070         468974       -934.539
           5080         469904       -934.539
           5090         470904       -934.539
           5100         471904       -934.539
           5110         472904       -934.539
           5120         473904       -934.539
           5130         474904       -934.539
           5140         475904       -934.539
           5150         476904       -934.539
           5160         477904       -934.539
           5170         478904       -934.539
           5180         479904       -934.539
           5190         480904       -934.539
           5200         481904       -934.539
           5210         482904       -934.539
           5220         483904       -934.539
           5230         484904       -934.539
           5240         485904       -934.539
           5250         486904       -934.539
           5260         487904       -934.539
           5270         488904       -934.539
           5280         489904       -934.539
           5290         490904       -934.539
           5300         491904       -934.539
           5310         492904       -934.539
           5320         493904       -934.539
           5330         494904       -934.539
           5340         495904       -934.539
           5350         496904       -934.539
           5360         497904       -934.539
           5370         498904       -934.539
           5380         499904       -934.539
