             10            779      -4934.802
             20           1636      -3540.737
             30           2534      -2250.666
             40           3489      -5700.638
             50           4366      -6019.272
             60           5283      -6127.421
             70           6187      -5375.517
             80           7053      -5939.165
             90           7974      -5941.382
            100           8931      -5540.543
            110           9794      -5897.974
            120          10769      -5645.644
            130          11682      -5722.394
            140          12609      -5392.543
            150          13566      -6129.956
            160          14532      -4454.395
            170          15532      -5933.690
            180          16400      -5201.261
            190          17306      -5688.921
            200          18261      -4934.802
            210          19261      -4024.119
            220          20260      -6331.025
            230          21198      -6898.287
            240          22133      -5486.546
            250          23133      -6577.015
            260          24083      -5931.828
            270          25016      -3440.467
            280          25968      -5429.119
            290          26907      -6331.072
            300          27907      -4934.802
            310          28899      -4670.005
            320          29835      -6627.659
            330          30835      -7674.091
            340          31835      -3431.559
            350          32718      -5664.820
            360          33580      -5828.917
            370          34580      -5290.856
            380          35580      -5736.303
            390          36548      -6182.826
            400          37486      -5467.620
            410          38486      -5641.988
            420          39486      -6203.358
            430          40428      -5554.229
            440          41379      -6254.705
            450          42311      -6398.753
            460          43221      -5739.009
            470          44194      -6295.608
            480          45134      -5931.213
            490          46056      -6705.554
            500          47056      -6133.398
            510          47996      -3393.043
            520          48931      -7255.433
            530          49931      -5976.389
            540          50875      -6781.455
            550          51855      -6202.797
            560          52855      -4231.546
            570          53855      -4934.802
            580          54774      -5246.474
            590          55684      -7352.935
            600          56653      -5604.085
            610          57580      -5626.611
            620          58495      -5061.375
            630          59467      -5406.056
            640          60341      -6572.390
            650          61327      -5444.184
            660          62327      -7041.817
            670          63318      -4223.009
            680          64264      -5064.927
            690          65242      -6351.089
            700          66216      -7472.204
            710          67183      -5299.740
            720          68083      -6372.965
            730          69042      -6634.533
            740          70030      -2387.378
            750          70985      -5956.986
            760          71985      -5937.757
            770          72985      -5764.203
            780          73911      -7282.152
            790          74896      -6844.460
            800          75774      -5944.421
            810          76614      -6890.611
            820          77574      -6194.658
            830          78430      -2722.440
            840          79406      -5126.204
            850          80294      -5647.853
            860          81273      -6510.136
            870          82273      -6553.944
            880          83273      -5580.373
            890          84233      -6112.056
            900          85223      -6197.488
            910          86085      -6556.754
            920          86922      -5605.719
            930          87913      -3789.747
            940          88824      -5127.338
            950          89663      -8049.198
            960          90612      -3689.783
            970          91513      -3031.895
            980          92339      -5814.297
            990          93134      -5275.639
           1000          93823      -2150.869
           1010          94685      -5488.558
           1020          95557      -4834.619
           1030          96383      -6129.476
           1040          97178      -6058.294
           1050          98010      -5198.906
           1060          98871      -2679.854
           1070          99728      -4776.508
           1080         100614      -6128.970
           1090         101542      -3503.560
           1100         102504      -5066.701
           1110         103427      -4849.200
           1120         104146      -5206.915
           1130         105011      -2153.486
           1140         105731      -2867.216
           1150         106531      -4271.499
           1160         107228      -2731.888
           1170         108054      -6130.171
           1180         108848      -5716.648
           1190         109681      -5330.302
           1200         110601      -8477.913
           1210         111451      -6087.863
           1220         112073      -2742.313
           1230         112909      -2084.578
           1240         113693      -2198.201
           1250         114323      -2198.660
           1260         115098      -5806.330
           1270         115947      -2586.536
           1280         116693      -5039.026
           1290         117659      -4587.592
           1300         118392      -4255.894
           1310         119312      -3995.174
           1320         120010      -3480.472
           1330         120851      -1967.671
           1340         121454      -1967.671
           1350         122078      -3875.940
           1360         122718      -2557.182
           1370         123441      -6149.486
           1380         124157      -2398.278
           1390         124925      -3520.644
           1400         125677      -5113.171
           1410         126437      -5619.049
           1420         127254      -4539.445
           1430         128050      -4846.500
           1440         128760      -6216.572
           1450         129422      -3627.208
           1460         130201      -2073.187
           1470         131088      -2699.857
           1480         131670      -2587.065
           1490         132431      -3770.570
           1500         133081      -2804.879
           1510         133798      -3539.796
           1520         134599      -4477.019
           1530         135439      -2365.334
           1540         136266      -4374.416
           1550         136979      -2637.988
           1560         137668      -3550.360
           1570         138425      -4337.252
           1580         139221      -5416.337
           1590         139932      -5244.112
           1600         140624      -4173.242
           1610         141536      -5834.539
           1620         142254      -5769.427
           1630         143074      -4331.925
           1640         143717      -5097.707
           1650         144417      -2468.983
           1660         145155      -6148.607
           1670         146052      -2537.992
           1680         146822      -4273.534
           1690         147658      -3978.833
           1700         148451      -4934.802
           1710         149086      -3339.692
           1720         149886      -4276.195
           1730         150638      -2646.728
           1740         151315      -5297.724
           1750         152119      -1980.801
           1760         152772      -3555.809
           1770         153550      -2362.349
           1780         154242      -2362.349
           1790         154964      -3986.214
           1800         155693      -3982.501
           1810         156429      -6228.886
           1820         157183      -3222.362
           1830         157911      -5237.137
           1840         158658      -6229.723
           1850         159453      -3925.685
           1860         160281      -4508.417
           1870         161167      -3467.814
           1880         162070      -2038.403
           1890         162877      -2654.506
           1900         163750      -2087.365
           1910         164566      -5372.579
           1920         165408      -2696.953
           1930         166305      -4731.882
           1940         167186      -3490.886
           1950         168114      -3207.687
           1960         168971      -3184.627
           1970         169851      -3045.776
           1980         170710      -2632.443
           1990         171324      -2561.696
           2000         172193      -3587.063
           2010         173144      -3571.337
           2020         174123      -3571.337
           2030         174909      -3584.259
           2040         175846      -3584.259
           2050         176831      -3584.259
           2060         177768      -3584.259
           2070         178584      -3162.290
           2080         179450      -3047.270
           2090         180405      -3508.410
           2100         181331      -3498.852
           2110         182330      -4025.081
           2120         183327      -4025.081
           2130         184265      -3259.424
           2140         185189      -2014.497
           2150         186189      -2160.490
           2160         187088      -2152.570
           2170         187917      -3202.427
           2180         188643      -2312.069
           2190         189556      -2328.975
           2200         190481      -2151.490
           2210         191462      -2598.266
           2220         192359      -2416.725
           2230         193357      -3074.391
           2240         194184      -3090.365
           2250         195121      -2446.799
           2260         196050      -3067.789
           2270         196932      -2116.465
           2280         197824      -2117.378
           2290         198711      -2255.960
           2300         199343      -2255.960
           2310         200207      -2255.960
           2320         201112      -2305.153
           2330         201961      -2149.840
           2340         202847      -2213.383
           2350         203583      -2045.012
           2360         204550      -1733.551
           2370         205479      -1743.393
           2380         206400      -2940.317
           2390         207340      -4158.104
           2400         208231      -2527.269
           2410         209092      -4138.553
           2420         210025      -4119.666
           2430         210992      -2728.650
           2440         211929      -2752.151
           2450         212929      -1941.197
           2460         213872      -2716.192
           2470         214846      -1844.706
           2480         215807      -1967.853
           2490         216705      -2078.462
           2500         217585      -2927.654
           2510         218483      -2945.473
           2520         219278      -2954.332
           2530         220082      -2283.920
           2540         221022      -2022.605
           2550         221825      -2372.370
           2560         222690      -2315.397
           2570         223657      -2244.063
           2580         224501      -2044.118
           2590         225322      -2135.801
           2600         226150      -2057.739
           2610         227035      -4033.717
           2620         228025      -1871.372
           2630         228954      -1871.372
           2640         229913      -2532.220
           2650         230913      -2929.991
           2660         231720      -1962.070
           2670         232610      -2589.918
           2680         233480      -2589.918
           2690         234405      -3475.830
           2700         235320      -1984.323
           2710         236215      -1984.323
           2720         237171      -3672.464
           2730         238105      -2400.313
           2740         239002      -1933.908
           2750         239969      -2218.449
           2760         240899      -2331.620
           2770         241726      -2963.319
           2780         242654      -2591.503
           2790         243516      -2576.827
           2800         244397      -2214.841
           2810         245325      -4272.072
           2820         246180      -2254.288
           2830         247117      -1676.306
           2840         247837      -2039.347
           2850         248696      -1851.023
           2860         249663      -4934.802
           2870         250663      -2770.725
           2880         251428      -2955.792
           2890         252271      -3784.742
           2900         253208      -3784.742
           2910         254030      -2260.294
           2920         254901      -2261.395
           2930         255647      -2968.310
           2940         256480      -2623.024
           2950         257421      -2196.951
           2960         258197      -2267.915
           2970         259131      -2267.915
           2980         259901      -2713.710
           2990         260756      -2978.127
           3000         261756      -2978.127
           3010         262662      -4281.576
           3020         263603      -2660.442
           3030         264430      -2598.637
           3040         265295      -2028.803
           3050         266162      -2028.803
           3060         267059      -2129.946
           3070         267851      -2650.185
           3080         268771      -2113.865
           3090         269715      -2896.655
           3100         270715      -5047.039
           3110         271625      -2184.942
           3120         272609      -2209.081
           3130         273441      -2576.176
           3140         274420      -2557.757
           3150         275359      -1824.602
           3160         276291      -4035.558
           3170         277144      -2067.751
           3180         278136      -2067.751
           3190         279095      -2067.751
           3200         280034      -2067.751
           3210         280965      -2067.751
           3220         281904      -2067.751
           3230         282904      -1978.736
           3240         283843      -3987.887
           3250         284773      -1924.859
           3260         285652      -2148.369
           3270         286518      -2876.457
           3280         287340      -2887.869
           3290         288253      -2327.666
           3300         289141      -2327.666
           3310         289855      -2261.608
           3320         290855      -2628.417
           3330         291855      -2580.368
           3340         292748      -2100.965
           3350         293582      -1977.423
           3360         294511      -2490.043
           3370         295365      -2102.641
           3380         296056      -2102.641
           3390         296961      -2255.058
           3400         297820      -2175.518
           3410         298786      -2266.507
           3420         299675      -2679.083
           3430         300336      -1852.405
           3440         301335      -2102.040
           3450         302158      -1721.702
           3460         303056      -2323.453
           3470         304001      -4934.802
           3480         304888      -2916.599
           3490         305843      -2267.599
           3500         306734      -1740.834
           3510         307699      -1728.470
           3520         308638      -2102.194
           3530         309572      -2102.194
           3540         310508      -2818.246
           3550         311374      -2128.420
           3560         312249      -2292.533
           3570         313073      -2292.533
           3580         313923      -2289.867
           3590         314923      -3042.391
           3600         315873      -2316.244
           3610         316829      -2961.599
           3620         317769      -2961.599
           3630         318706      -2961.599
           3640         319493      -4124.865
           3650         320453      -1826.349
           3660         321388      -1826.349
           3670         322319      -1759.337
           3680         323207      -2142.744
           3690         324168      -4186.361
           3700         325062      -2361.997
           3710         325994      -2919.303
           3720         326834      -2402.993
           3730         327827      -2384.937
           3740         328713      -2357.551
           3750         329615      -2286.459
           3760         330544      -2004.733
           3770         331544      -2399.103
           3780         332350      -2434.660
           3790         333350      -2303.213
           3800         334350      -1946.611
           3810         335211      -2747.042
           3820         336096      -1643.021
           3830         337038      -4215.726
           3840         337972      -1679.505
           3850         338838      -2322.542
           3860         339772      -2496.224
           3870         340686      -2608.744
           3880         341686      -2608.744
           3890         342585      -1710.267
           3900         343585      -2950.768
           3910         344527      -1801.114
           3920         345383      -1808.058
           3930         346334      -2804.734
           3940         347334      -2804.734
           3950         348245      -2353.213
           3960         349208      -3801.405
           3970         350007      -3801.405
           3980         351007      -3801.405
           3990         351955      -3801.405
           4000         352955      -3801.405
           4010         353866      -3801.405
           4020         354809      -3839.598
           4030         355756      -3801.405
           4040         356669      -3801.405
           4050         357669      -3801.405
           4060         358609      -3801.405
           4070         359436      -2182.056
           4080         360375      -2182.056
           4090         361242      -1943.458
           4100         362242      -3160.328
           4110         363061      -3023.041
           4120         363999      -3023.041
           4130         364796      -1760.615
           4140         365796      -1760.615
           4150         366761      -1760.615
           4160         367697      -1760.615
           4170         368697      -2927.950
           4180         369546      -2056.566
           4190         370546      -2682.197
           4200         371440      -4299.718
           4210         372380      -1838.694
           4220         373380      -2113.744
           4230         374380      -2113.744
           4240         375314      -1853.074
           4250         376278      -1799.579
           4260         377214      -1798.763
           4270         378149      -1767.694
           4280         379106      -1767.694
           4290         380106      -1767.694
           4300         381106      -1767.694
           4310         382064      -1767.694
           4320         382968      -2251.110
           4330         383897      -3334.273
           4340         384770      -1742.012
           4350         385706      -2547.402
           4360         386658      -2007.887
           4370         387607      -1983.792
           4380         388541      -2401.452
           4390         389541      -2780.068
           4400         390482      -2035.479
           4410         391354      -2780.068
           4420         392307      -1864.825
           4430         393238      -2008.300
           4440         394119      -1999.854
           4450         395050      -1603.223
           4460         395978      -1724.938
           4470         396919      -1873.107
           4480         397850      -1873.107
           4490         398850      -1873.107
           4500         399657      -1815.251
           4510         400657      -2452.700
           4520         401657      -2407.885
           4530         402657      -2379.838
           4540         403355      -1956.719
           4550         404237      -2014.754
           4560         405081      -1981.083
           4570         405953      -2164.478
           4580         406842      -2164.478
           4590         407842      -1853.930
           4600         408804      -1957.300
           4610         409804      -1957.300
           4620         410744      -1970.190
           4630         411744      -1943.671
           4640         412546      -1827.774
           4650         413480      -1827.774
           4660         414318      -2225.279
           4670         415185      -1991.686
           4680         416046      -4105.666
           4690         416934      -2589.768
           4700         417934      -1769.497
           4710         418873      -2036.356
           4720         419873      -3045.866
           4730         420873      -3045.866
           4740         421813      -3045.866
           4750         422752      -2972.558
           4760         423651      -2374.115
           4770         424594      -3914.881
           4780         425594      -2998.278
           4790         426537      -2998.278
           4800         427482      -3073.838
           4810         428482      -2998.551
           4820         429421      -1885.408
           4830         430362      -2500.417
           4840         431301      -2500.417
           4850         432301      -3151.813
           4860         433301      -2187.633
           4870         434241      -2344.727
           4880         435066      -3302.349
           4890         436066      -1812.721
           4900         437066      -1812.721
           4910         438066      -1812.721
           4920         439011      -2061.404
           4930         439937      -3933.454
           4940         440871      -2161.887
           4950         441672      -2394.675
           4960         442615      -2273.843
           4970         443486      -2420.225
           4980         444350      -1962.182
           4990         445163      -1823.584
           5000         446163      -1823.584
           5010         447110      -2119.661
           5020         448110      -2119.661
           5030         449040      -3101.230
           5040         449985      -3101.230
           5050         450917      -3101.230
           5060         451872      -3729.132
           5070         452805      -3729.132
           5080         453676      -1766.068
           5090         454676      -1913.391
           5100         455625      -2075.021
           5110         456560      -1911.190
           5120         457499      -2326.996
           5130         458499      -1806.036
           5140         459302      -2191.925
           5150         460237      -1827.779
           5160         461237      -1827.779
           5170         462177      -1871.730
           5180         463137      -2557.402
           5190         464080      -1727.896
           5200         465080      -1793.695
           5210         466020      -1770.151
           5220         466960      -1797.378
           5230         467840      -2245.449
           5240         468840      -2245.449
           5250         469840      -2289.600
           5260         470787      -2152.697
           5270         471594      -2152.697
           5280         472523      -2201.688
           5290         473469      -2201.688
           5300         474352      -2823.357
           5310         475352      -2803.540
           5320         476352      -1811.588
           5330         477216      -1811.588
           5340         478216      -1811.588
           5350         479216      -2270.536
           5360         480216      -1860.236
           5370         481216      -1721.711
           5380         482052      -1721.711
           5390         483052      -2003.652
           5400         484052      -2003.652
           5410         484929      -2003.652
           5420         485929      -2911.525
           5430         486738      -2911.525
           5440         487738      -2937.070
           5450         488738      -2937.070
           5460         489677      -2937.070
           5470         490677      -2103.966
           5480         491677      -2103.966
           5490         492588      -1746.689
           5500         493528      -2156.688
           5510         494528      -2039.127
           5520         495391      -2018.089
           5530         496333      -2018.089
           5540         497333      -2018.089
           5550         498333      -2018.089
           5560         499273      -1757.595
