             10            233      -1004.222
             20            555      -1515.900
             30           1140      -2108.013
             40           1641      -3829.308
             50           2388      -3417.372
             60           3119      -1919.499
             70           3806      -2409.210
             80           4657      -6460.574
             90           5516      -6337.914
            100           6393      -5237.180
            110           7295      -5211.692
            120           8001      -5298.336
            130           8906      -5296.803
            140           9770      -5917.412
            150          10604      -3234.690
            160          11432      -5407.327
            170          12432      -6679.625
            180          13338      -3442.536
            190          14243      -6065.619
            200          15132      -4760.945
            210          16100      -5713.782
            220          16950      -3144.073
            230          17937      -5208.698
            240          18833      -4123.590
            250          19749      -4971.263
            260          20690      -6062.616
            270          21600      -6151.495
            280          22592      -6353.642
            290          23511      -8195.044
            300          24450      -6210.309
            310          25333      -3914.021
            320          26202      -2463.501
            330          26996      -9485.056
            340          27890      -5262.430
            350          28798      -3244.453
            360          29686      -5117.978
            370          30587      -1280.319
            380          31408      -3152.385
            390          32345      -5898.035
            400          33071      -3148.109
            410          33758      -2533.153
            420          34568       -950.629
            430          35245      -2666.657
            440          35889      -6800.207
            450          36621      -1052.380
            460          37373      -3155.008
            470          38111      -5184.950
            480          38910      -1036.008
            490          39642      -5410.969
            500          40181      -2365.700
            510          40751      -2152.023
            520          41318      -6276.878
            530          42260      -2342.926
            540          42983       -909.588
            550          43506      -1051.648
            560          44200       -827.710
            570          44900      -6169.617
            580          45415      -2394.941
            590          46157      -1043.852
            600          46767      -2080.932
            610          47333      -1331.390
            620          47897       -928.638
            630          48398      -2353.570
            640          49172       -960.130
            650          49774       -943.458
            660          50278      -4218.515
            670          50998      -2155.328
            680          51592       -964.642
            690          52265      -2318.871
            700          52989      -1097.536
            710          53662      -4887.219
            720          54363       -998.066
            730          54952      -3066.649
            740          55496       -933.259
            750          56245       -854.345
            760          56825      -2105.912
            770          57331       -805.230
            780          57876       -968.402
            790          58363      -4235.095
            800          59056      -3542.359
            810          59635      -5498.134
            820          60520      -4547.006
            830          61063       -909.258
            840          61601      -2663.502
            850          62078      -5538.284
            860          62710      -2381.386
            870          63406      -1715.300
            880          63985       -885.762
            890          64474       -825.441
            900          65104      -2309.553
            910          65687       -891.502
            920          66282       -827.442
            930          66808      -3524.992
            940          67309      -3668.359
            950          68009      -2769.319
            960          68719      -4904.635
            970          69218      -1022.378
            980          69833       -845.763
            990          70336       -890.231
           1000          70814       -849.529
           1010          71381       -837.461
           1020          72108      -2145.781
           1030          72655       -930.040
           1040          73052      -2009.977
           1050          73610      -2402.030
           1060          74345      -1051.676
           1070          74910      -3075.850
           1080          75529      -2229.703
           1090          76081      -1027.916
           1100          76706      -1144.334
           1110          77301       -935.548
           1120          77758      -1992.322
           1130          78399      -4271.578
           1140          79002      -3619.743
           1150          79704      -2808.500
           1160          80383      -6188.865
           1170          81177       -835.504
           1180          81710      -2628.780
           1190          82396       -641.719
           1200          83148      -3751.672
           1210          83731       -842.630
           1220          84513      -2426.405
           1230          85210      -2869.518
           1240          85938      -3670.883
           1250          86796       -725.755
           1260          87428       -939.084
           1270          88389      -2012.636
           1280          89225       -538.738
           1290          89900       -918.306
           1300          90685       -550.820
           1310          91384       -879.400
           1320          91885       -863.293
           1330          92748       -690.350
           1340          93245       -596.302
           1350          94071       -517.439
           1360          94938       -512.804
           1370          95762       -490.567
           1380          96548       -880.821
           1390          97429       -492.964
           1400          98404       -501.441
           1410          99210       -580.979
           1420         100057       -513.083
           1430         100947       -513.083
           1440         101851       -513.083
           1450         102789       -513.083
           1460         103789       -513.083
           1470         104603       -955.336
           1480         105482       -955.336
           1490         106380      -1056.374
           1500         107337       -509.545
           1510         108155       -509.545
           1520         109099       -509.545
           1530         109993       -498.796
           1540         110993       -498.796
           1550         111925       -498.796
           1560         112887       -498.796
           1570         113797       -499.098
           1580         114719       -499.098
           1590         115642       -521.616
           1600         116488       -498.796
           1610         117394       -514.358
           1620         118251       -521.616
           1630         119251       -501.698
           1640         120180       -501.698
           1650         121104       -501.698
           1660         121982       -501.698
           1670         122982       -498.796
           1680         123934       -498.796
           1690         124883       -498.796
           1700         125788       -498.796
           1710         126787       -511.411
           1720         127723       -511.411
           1730         128723       -511.411
           1740         129660       -498.796
           1750         130633       -498.796
           1760         131626       -501.698
           1770         132613       -501.698
           1780         133613       -501.698
           1790         134613       -501.698
           1800         135613       -501.698
           1810         136597       -498.796
           1820         137522       -498.324
           1830         138466       -498.796
           1840         139465       -498.796
           1850         140465       -498.796
           1860         141465       -498.796
           1870         142465       -498.796
           1880         143465       -498.796
           1890         144408       -498.796
           1900         145342       -511.411
           1910         146342       -537.861
           1920         147340       -498.796
           1930         148340       -530.284
           1940         149295       -498.324
           1950         150273       -520.662
           1960         151273       -521.144
           1970         152271       -498.796
           1980         153271       -498.796
           1990         154161       -498.796
           2000         155095       -498.796
           2010         156039       -498.796
           2020         157023       -498.324
           2030         157982       -498.324
           2040         158948       -498.796
           2050         159831       -499.098
           2060         160754       -520.855
           2070         161687       -520.855
           2080         162540       -498.796
           2090         163443       -517.777
           2100         164443       -510.430
           2110         165398       -498.796
           2120         166281       -498.796
           2130         167281       -526.975
           2140         168256       -498.324
           2150         169246       -498.324
           2160         170246       -498.324
           2170         171126       -498.324
           2180         172126       -498.324
           2190         173043       -526.498
           2200         174043       -527.141
           2210         175043       -584.014
           2220         175968       -503.628
           2230         176968       -503.628
           2240         177967       -512.118
           2250         178931       -512.570
           2260         179872       -512.570
           2270         180737       -512.570
           2280         181737       -512.570
           2290         182684       -519.882
           2300         183613       -511.755
           2310         184590       -511.755
           2320         185590       -511.755
           2330         186539       -545.475
           2340         187463       -510.687
           2350         188410       -510.687
           2360         189410       -510.687
           2370         190410       -510.687
           2380         191410       -510.687
           2390         192410       -510.687
           2400         193332       -510.687
           2410         194176       -528.571
           2420         195102       -510.746
           2430         196053       -528.571
           2440         197053       -528.571
           2450         197984       -510.687
           2460         198984       -528.571
           2470         199967       -510.687
           2480         200967       -510.687
           2490         201967       -510.687
           2500         202967       -510.288
           2510         203967       -510.288
           2520         204896       -510.687
           2530         205896       -510.687
           2540         206896       -510.687
           2550         207896       -510.687
           2560         208843       -501.441
           2570         209843       -510.746
           2580         210843       -510.746
           2590         211843       -519.546
           2600         212843       -519.546
           2610         213843       -537.149
           2620         214843       -537.149
           2630         215843       -537.149
           2640         216843       -537.149
           2650         217843       -537.149
           2660         218722       -537.149
           2670         219722       -537.149
           2680         220722       -593.843
           2690         221722       -522.928
           2700         222645       -522.928
           2710         223645       -522.928
           2720         224620       -519.302
           2730         225620       -519.302
           2740         226533       -519.302
           2750         227533       -519.302
           2760         228462       -519.302
           2770         229462       -519.302
           2780         230462       -519.302
           2790         231462       -519.302
           2800         232462       -519.302
           2810         233462       -545.755
           2820         234462       -519.302
           2830         235462       -519.302
           2840         236462       -519.302
           2850         237462       -519.302
           2860         238386       -522.928
           2870         239386       -522.928
           2880         240386       -519.302
           2890         241386       -519.302
           2900         242386       -519.302
           2910         243386       -519.302
           2920         244386       -519.302
           2930         245386       -545.755
           2940         246386       -545.755
           2950         247386       -519.302
           2960         248344       -519.302
           2970         249344       -519.302
           2980         250274       -519.302
           2990         251274       -519.302
           3000         252274       -545.755
           3010         253274       -519.302
           3020         254225       -545.755
           3030         255225       -522.928
           3040         256225       -501.698
           3050         257225       -498.324
           3060         258225       -520.270
           3070         259225       -520.270
           3080         260225       -501.698
           3090         261225       -511.144
           3100         262174       -498.796
           3110         263174       -498.796
           3120         264174       -498.796
           3130         265174       -498.796
           3140         266174       -498.796
           3150         267174       -498.796
           3160         268174       -498.796
           3170         269167       -498.796
           3180         270167       -511.144
           3190         271090       -541.013
           3200         272090       -519.302
           3210         273090       -519.302
           3220         274090       -519.302
           3230         275090       -519.302
           3240         276090       -519.302
           3250         277090       -519.302
           3260         278027       -519.302
           3270         279027       -519.302
           3280         280027       -708.208
           3290         281027       -519.302
           3300         282027       -519.302
           3310         282969       -519.302
           3320         283969       -519.302
           3330         284969       -498.796
           3340         285969       -498.796
           3350         286969       -498.796
           3360         287969       -498.796
           3370         288969       -519.302
           3380         289969       -519.302
           3390         290969       -519.302
           3400         291892       -519.302
           3410         292892       -545.755
           3420         293892       -519.302
           3430         294892       -519.302
           3440         295892       -519.302
           3450         296892       -519.302
           3460         297892       -519.302
           3470         298892       -519.302
           3480         299892       -519.302
           3490         300892       -519.302
           3500         301892       -519.302
           3510         302892       -519.302
           3520         303892       -519.302
           3530         304892       -519.302
           3540         305892       -519.302
           3550         306892       -519.302
           3560         307892       -519.302
           3570         308892       -519.302
           3580         309892       -519.302
           3590         310892       -519.302
           3600         311892       -519.302
           3610         312892       -519.302
           3620         313892       -519.302
           3630         314892       -519.302
           3640         315892       -519.302
           3650         316892       -519.302
           3660         317892       -519.302
           3670         318892       -519.302
           3680         319892       -519.302
           3690         320892       -519.302
           3700         321892       -498.796
           3710         322892       -498.796
           3720         323892       -498.796
           3730         324892       -512.950
           3740         325892       -511.628
           3750         326892       -503.628
           3760         327892       -501.698
           3770         328892       -501.698
           3780         329892       -501.698
           3790         330892       -501.698
           3800         331892       -501.698
           3810         332892       -501.698
           3820         333892       -501.698
           3830         334892       -501.698
           3840         335892       -501.698
           3850         336892       -501.698
           3860         337892       -501.698
           3870         338892       -501.698
           3880         339892       -501.698
           3890         340892       -501.698
           3900         341892       -501.698
           3910         342892       -498.796
           3920         343892       -498.796
           3930         344892       -498.796
           3940         345892       -498.796
           3950         346892       -498.796
           3960         347892       -498.796
           3970         348892       -498.796
           3980         349892       -498.796
           3990         350892       -498.796
           4000         351892       -498.796
           4010         352824       -498.796
           4020         353824       -498.796
           4030         354824       -498.796
           4040         355824       -498.796
           4050         356824       -498.796
           4060         357824       -498.796
           4070         358824       -498.796
           4080         359824       -498.796
           4090         360824       -498.796
           4100         361824       -498.796
           4110         362824       -498.796
           4120         363824       -498.796
           4130         364824       -498.796
           4140         365824       -498.796
           4150         366824       -498.324
           4160         367824       -501.698
           4170         368824       -501.698
           4180         369824       -498.796
           4190         370824       -498.796
           4200         371824       -498.796
           4210         372824       -498.324
           4220         373824       -498.796
           4230         374803       -498.796
           4240         375803       -498.796
           4250         376803       -498.796
           4260         377803       -498.796
           4270         378803       -498.796
           4280         379803       -498.324
           4290         380803       -520.270
           4300         381803       -498.796
           4310         382803       -498.796
           4320         383803       -498.796
           4330         384803       -498.796
           4340         385803       -498.796
           4350         386803       -498.796
           4360         387803       -498.796
           4370         388803       -498.796
           4380         389803       -498.796
           4390         390803       -498.796
           4400         391803       -498.796
           4410         392803       -498.796
           4420         393803       -498.796
           4430         394803       -498.796
           4440         395803       -498.796
           4450         396803       -498.796
           4460         397803       -498.796
           4470         398803       -498.796
           4480         399803       -498.796
           4490         400803       -498.796
           4500         401803       -498.796
           4510         402803       -498.796
           4520         403803       -498.796
           4530         404803       -498.796
           4540         405803       -498.796
           4550         406803       -498.796
           4560         407803       -498.796
           4570         408803       -498.796
           4580         409803       -498.796
           4590         410803       -498.796
           4600         411803       -498.796
           4610         412803       -498.796
           4620         413803       -498.796
           4630         414803       -498.796
           4640         415803       -498.796
           4650         416803       -498.796
           4660         417803       -498.796
           4670         418803       -498.796
           4680         419803       -498.796
           4690         420803       -498.796
           4700         421803       -498.796
           4710         422803       -498.796
           4720         423803       -498.796
           4730         424803       -498.796
           4740         425803       -498.796
           4750         426803       -498.796
           4760         427803       -498.796
           4770         428803       -498.796
           4780         429803       -498.796
           4790         430803       -498.796
           4800         431803       -498.796
           4810         432803       -498.796
           4820         433803       -498.796
           4830         434803       -498.796
           4840         435803       -498.796
           4850         436803       -498.796
           4860         437803       -498.796
           4870         438803       -498.796
           4880         439803       -498.796
           4890         440803       -498.796
           4900         441803       -498.796
           4910         442803       -498.796
           4920         443803       -498.796
           4930         444803       -498.796
           4940         445803       -498.796
           4950         446803       -498.796
           4960         447803       -498.796
           4970         448803       -498.796
           4980         449803       -498.796
           4990         450803       -498.796
           5000         451803       -498.796
           5010         452803       -498.796
           5020         453803       -498.796
           5030         454803       -498.796
           5040         455803       -498.796
           5050         456803       -498.796
           5060         457803       -498.796
           5070         458803       -498.796
           5080         459803       -498.796
           5090         460803       -498.796
           5100         461803       -498.796
           5110         462803       -498.796
           5120         463803       -498.796
           5130         464803       -498.796
           5140         465803       -498.796
           5150         466803       -498.796
           5160         467803       -498.796
           5170         468803       -498.796
           5180         469803       -498.796
           5190         470803       -501.698
           5200         471803       -501.698
           5210         472803       -501.698
           5220         473803       -501.698
           5230         474803       -501.698
           5240         475803       -501.698
           5250         476803       -501.698
           5260         477803       -501.698
           5270         478803       -501.698
           5280         479803       -501.698
           5290         480803       -498.796
           5300         481803       -498.796
           5310         482803       -498.796
           5320         483803       -498.796
           5330         484803       -498.796
           5340         485803       -498.796
           5350         486803       -498.796
           5360         487803       -498.796
           5370         488803       -498.796
           5380         489803       -498.796
           5390         490803       -498.796
           5400         491803       -498.796
           5410         492803       -498.796
           5420         493803       -498.796
           5430         494803       -498.796
           5440         495803       -498.796
           5450         496803       -498.796
           5460         497803       -498.796
           5470         498803       -498.796
           5480         499803       -498.796
