             10            445      -3150.528
             20           1067      -1970.043
             30           1796      -4377.273
             40           2646      -2258.641
             50           3513      -6279.676
             60           4372      -4890.996
             70           5195      -4554.951
             80           6120      -5894.524
             90           7017      -8577.356
            100           7932      -6300.958
            110           8917      -6176.925
            120           9902      -6665.568
            130          10787      -5897.437
            140          11659      -4829.156
            150          12584      -6092.475
            160          13378      -5198.255
            170          14324      -4957.469
            180          15132      -6103.093
            190          15975      -6676.950
            200          16917      -5428.730
            210          17803      -5611.110
            220          18790      -5756.695
            230          19779      -4371.778
            240          20730      -6402.380
            250          21647      -6127.938
            260          22575      -5995.072
            270          23504      -5046.912
            280          24447      -4331.390
            290          25415      -5753.504
            300          26373      -6574.986
            310          27308      -5946.902
            320          28297      -5749.987
            330          29241      -5522.689
            340          30197      -5915.460
            350          31132      -6727.828
            360          32097      -5994.443
            370          32940      -6377.296
            380          33940      -6982.069
            390          34808      -6371.153
            400          35782      -5662.143
            410          36697      -6180.309
            420          37662      -5148.702
            430          38545      -7350.426
            440          39493      -4460.620
            450          40446      -5750.892
            460          41398      -6047.269
            470          42332      -7198.959
            480          43332      -5436.883
            490          44215       -907.916
            500          45117      -6507.485
            510          45849      -3382.854
            520          46715      -5749.249
            530          47494      -4666.071
            540          48289      -5581.219
            550          48828      -5199.809
            560          49518      -4223.088
            570          50390      -4986.525
            580          51118      -4995.704
            590          51851      -4781.132
            600          52679      -6176.337
            610          53679      -4647.265
            620          54612      -5847.328
            630          55377      -4757.812
            640          56100      -5406.959
            650          56936      -4358.554
            660          57716      -3280.328
            670          58410      -4476.502
            680          59081      -4391.520
            690          59777      -6123.518
            700          60489      -1009.200
            710          61138      -2013.555
            720          61762      -6006.020
            730          62462       -898.864
            740          63052      -4502.863
            750          63558      -2229.243
            760          64260      -4463.106
            770          65001      -2534.410
            780          65692      -4483.814
            790          66363      -2928.281
            800          66807       -879.295
            810          67252      -4895.936
            820          67865      -4494.350
            830          68526      -5459.345
            840          69024      -2139.619
            850          69487      -2139.619
            860          70005      -4876.698
            870          70498       -938.330
            880          70942      -5198.181
            890          71550       -979.564
            900          72247      -5526.500
            910          73135      -3131.698
            920          73942       -885.925
            930          74465       -906.126
            940          75091       -968.194
            950          75751      -1027.698
            960          76393      -3761.737
            970          77080      -3407.822
            980          77639       -938.996
            990          78214      -5273.561
           1000          78795      -2072.738
           1010          79511       -912.029
           1020          80047       -884.893
           1030          80793      -5042.941
           1040          81440       -850.631
           1050          81950       -871.374
           1060          82728      -5376.756
           1070          83240       -937.669
           1080          83998      -1884.345
           1090          84748      -1907.881
           1100          85352      -2662.429
           1110          85941      -2096.621
           1120          86531       -870.090
           1130          87233       -980.235
           1140          87797       -645.749
           1150          88507       -890.309
           1160          89174       -861.538
           1170          89856       -852.266
           1180          90335      -4720.521
           1190          91006      -3054.163
           1200          91683      -2566.004
           1210          92214       -917.885
           1220          92827      -1026.185
           1230          93490      -5160.710
           1240          94112       -897.565
           1250          94568      -6251.768
           1260          95127       -860.151
           1270          95805      -3026.674
           1280          96256       -876.322
           1290          96945       -689.863
           1300          97476       -710.156
           1310          98080      -1057.502
           1320          98614      -2670.167
           1330          99391       -889.527
           1340         100029      -2906.828
           1350         100610      -1040.977
           1360         101062       -850.246
           1370         101480       -919.432
           1380         102270      -2664.679
           1390         102922       -890.619
           1400         103537       -949.443
           1410         104277      -1097.030
           1420         105016      -3266.524
           1430         105465       -931.129
           1440         106012      -5779.675
           1450         106707      -6651.241
           1460         107350      -5278.876
           1470         107941      -5259.529
           1480         108536      -3875.371
           1490         109170       -916.555
           1500         109922      -2323.321
           1510         110465       -987.676
           1520         111012       -827.323
           1530         111770       -902.868
           1540         112442       -995.483
           1550         113251      -5109.427
           1560         113924       -665.535
           1570         114674       -934.499
           1580         115306       -727.176
           1590         116112       -649.804
           1600         116960       -801.377
           1610         117705       -944.716
           1620         118457       -697.057
           1630         119350      -2332.088
           1640         120165       -595.745
           1650         121129       -586.280
           1660         122000       -586.280
           1670         122997       -586.280
           1680         123925       -586.280
           1690         124837       -595.745
           1700         125833       -583.711
           1710         126597       -572.781
           1720         127465       -572.781
           1730         128465       -582.938
           1740         129313       -582.938
           1750         130209      -2536.909
           1760         131136       -588.462
           1770         132136       -572.592
           1780         133118       -562.714
           1790         134067       -744.620
           1800         134953       -590.966
           1810         135940       -584.540
           1820         136940       -584.540
           1830         137876       -613.226
           1840         138876       -583.389
           1850         139876       -591.993
           1860         140823       -591.993
           1870         141793       -616.159
           1880         142728       -602.046
           1890         143637       -564.673
           1900         144450      -3372.352
           1910         145413       -554.992
           1920         146411       -554.992
           1930         147411       -554.992
           1940         148320       -762.401
           1950         149199       -581.394
           1960         150125       -562.714
           1970         151125       -562.714
           1980         152054       -562.714
           1990         153013       -562.714
           2000         153980       -562.714
           2010         154908       -562.714
           2020         155908       -562.714
           2030         156807       -563.735
           2040         157794       -613.853
           2050         158716       -585.062
           2060         159694       -553.631
           2070         160621       -553.631
           2080         161621       -553.631
           2090         162552       -553.631
           2100         163477       -553.631
           2110         164419       -631.783
           2120         165419       -553.631
           2130         166322       -553.631
           2140         167205      -5444.744
           2150         168184      -3383.452
           2160         169068      -2178.387
           2170         170008      -2834.839
           2180         170965      -2834.839
           2190         171889      -2967.655
           2200         172784       -586.543
           2210         173755       -553.913
           2220         174755       -553.913
           2230         175692       -553.913
           2240         176692       -553.913
           2250         177692       -553.913
           2260         178573       -553.913
           2270         179573       -553.913
           2280         180573       -615.443
           2290         181528       -553.631
           2300         182528       -553.631
           2310         183509       -585.126
           2320         184433       -553.631
           2330         185417       -553.631
           2340         186378       -553.631
           2350         187303       -553.631
           2360         188243       -553.631
           2370         189243       -553.631
           2380         190243       -553.631
           2390         191243       -553.631
           2400         192243       -553.631
           2410         193203       -553.631
           2420         194132       -553.631
           2430         195130       -622.533
           2440         196130       -621.993
           2450         197130       -553.631
           2460         198105       -553.913
           2470         199105       -553.913
           2480         200105       -553.913
           2490         201105       -553.913
           2500         202105       -553.913
           2510         203105       -622.557
           2520         204033       -622.557
           2530         205021       -622.557
           2540         205961       -624.083
           2550         206907       -553.913
           2560         207907       -553.913
           2570         208907       -553.631
           2580         209907       -553.631
           2590         210907       -553.631
           2600         211907       -553.631
           2610         212907       -553.631
           2620         213907       -553.631
           2630         214907       -553.631
           2640         215907       -553.631
           2650         216855       -553.631
           2660         217855       -553.631
           2670         218765       -611.828
           2680         219765       -613.229
           2690         220758       -621.993
           2700         221750       -621.993
           2710         222750       -553.631
           2720         223750       -553.631
           2730         224671       -553.631
           2740         225671       -609.862
           2750         226671       -622.533
           2760         227613       -621.993
           2770         228582       -553.631
           2780         229443       -582.937
           2790         230409       -632.441
           2800         231409       -553.631
           2810         232409       -613.229
           2820         233409       -585.062
           2830         234375       -585.062
           2840         235375       -585.062
           2850         236328       -585.062
           2860         237328       -585.062
           2870         238328       -604.208
           2880         239298       -604.208
           2890         240204       -614.084
           2900         241204       -614.084
           2910         242204       -614.084
           2920         243197       -642.124
           2930         244131      -3871.994
           2940         245090      -3871.994
           2950         246090      -3871.994
           2960         247016      -1862.815
           2970         248016       -629.924
           2980         249016       -562.344
           2990         249982       -553.631
           3000         250982       -553.631
           3010         251982       -553.631
           3020         252982       -553.631
           3030         253982       -553.631
           3040         254982       -553.631
           3050         255910       -553.631
           3060         256910       -553.631
           3070         257876       -621.732
           3080         258808       -621.732
           3090         259808       -773.710
           3100         260761       -660.138
           3110         261761       -631.827
           3120         262723       -631.278
           3130         263723       -631.278
           3140         264723       -631.278
           3150         265723       -631.278
           3160         266653       -631.278
           3170         267653       -553.631
           3180         268653       -553.631
           3190         269653       -553.631
           3200         270653       -553.631
           3210         271637       -553.631
           3220         272637       -553.631
           3230         273637       -585.062
           3240         274637       -585.062
           3250         275637       -553.631
           3260         276637       -553.631
           3270         277637       -585.369
           3280         278637       -553.631
           3290         279522       -553.631
           3300         280522       -553.631
           3310         281522       -553.631
           3320         282497       -553.631
           3330         283497       -553.913
           3340         284497       -553.631
           3350         285497       -553.631
           3360         286497       -553.631
           3370         287497       -553.631
           3380         288497       -553.631
           3390         289442       -553.631
           3400         290442       -553.631
           3410         291442       -553.631
           3420         292442       -553.631
           3430         293442       -553.631
           3440         294442       -585.062
           3450         295409       -553.631
           3460         296409       -553.631
           3470         297409       -553.631
           3480         298409       -553.631
           3490         299339       -553.631
           3500         300339       -553.631
           3510         301339       -553.631
           3520         302339       -553.631
           3530         303339       -553.631
           3540         304339       -553.631
           3550         305270       -553.631
           3560         306270       -553.631
           3570         307270       -615.443
           3580         308270       -585.062
           3590         309196       -553.913
           3600         310196       -553.913
           3610         311196       -553.913
           3620         312196       -553.913
           3630         313171       -553.913
           3640         314171       -553.913
           3650         315097       -553.913
           3660         316097       -553.913
           3670         317021       -553.913
           3680         317956       -553.913
           3690         318956       -553.631
           3700         319947       -585.062
           3710         320947       -622.557
           3720         321947       -553.913
           3730         322947       -553.913
           3740         323947       -553.913
           3750         324947       -553.913
           3760         325947       -553.913
           3770         326947       -553.913
           3780         327947       -553.913
           3790         328947       -553.913
           3800         329947       -553.913
           3810         330947       -553.913
           3820         331947       -553.913
           3830         332947       -553.913
           3840         333947       -553.913
           3850         334947       -553.913
           3860         335947       -553.913
           3870         336947       -553.631
           3880         337947       -553.631
           3890         338947       -553.631
           3900         339947       -553.631
           3910         340947       -553.631
           3920         341871       -585.062
           3930         342838       -553.631
           3940         343838       -553.631
           3950         344838       -553.631
           3960         345838       -553.631
           3970         346838       -553.631
           3980         347838       -553.631
           3990         348819       -553.631
           4000         349819       -553.631
           4010         350819       -553.631
           4020         351819       -553.631
           4030         352784       -585.062
           4040         353784       -585.062
           4050         354784       -585.062
           4060         355784       -585.062
           4070         356784       -585.062
           4080         357784       -585.062
           4090         358784       -585.062
           4100         359784       -585.062
           4110         360772       -553.631
           4120         361772       -553.631
           4130         362772       -553.631
           4140         363772       -553.631
           4150         364772       -553.631
           4160         365772       -553.631
           4170         366772       -553.631
           4180         367772       -553.631
           4190         368772       -553.631
           4200         369772       -553.631
           4210         370772       -553.631
           4220         371772       -553.631
           4230         372772       -553.631
           4240         373772       -553.631
           4250         374772       -553.631
           4260         375772       -616.213
           4270         376772       -607.591
           4280         377772       -607.591
           4290         378772       -607.591
           4300         379772       -607.591
           4310         380772       -607.591
           4320         381696       -607.591
           4330         382696       -607.591
           4340         383696       -607.591
           4350         384696       -607.591
           4360         385696       -639.255
           4370         386696       -607.591
           4380         387696       -607.591
           4390         388696       -607.591
           4400         389696       -607.591
           4410         390696       -607.591
           4420         391696       -607.591
           4430         392696       -607.591
           4440         393696       -607.591
           4450         394696       -607.591
           4460         395696       -607.591
           4470         396696       -607.591
           4480         397696       -607.591
           4490         398696       -607.591
           4500         399696       -607.591
           4510         400696       -622.272
           4520         401696       -622.272
           4530         402696       -622.272
           4540         403696       -622.272
           4550         404696       -622.272
           4560         405696       -622.272
           4570         406696       -622.272
           4580         407696       -607.591
           4590         408696       -607.591
           4600         409696       -607.591
           4610         410696       -607.591
           4620         411696       -607.591
           4630         412696       -607.591
           4640         413696       -607.591
           4650         414696       -607.591
           4660         415696       -553.631
           4670         416696       -585.126
           4680         417696       -553.631
           4690         418696       -553.631
           4700         419696       -553.913
           4710         420696       -553.913
           4720         421696       -553.913
           4730         422696       -553.913
           4740         423696       -553.913
           4750         424696       -553.913
           4760         425696       -553.913
           4770         426696       -553.913
           4780         427696       -553.913
           4790         428696       -553.913
           4800         429696       -553.913
           4810         430696       -553.913
           4820         431696       -553.913
           4830         432696       -553.913
           4840         433696       -553.913
           4850         434696       -553.913
           4860         435696       -553.913
           4870         436696       -553.913
           4880         437696       -553.913
           4890         438696       -553.913
           4900         439696       -553.913
           4910         440696       -553.913
           4920         441696       -553.913
           4930         442696       -553.913
           4940         443696       -553.913
           4950         444696       -553.913
           4960         445696       -553.631
           4970         446696       -553.631
           4980         447696       -553.631
           4990         448696       -553.631
           5000         449696       -553.631
           5010         450696       -553.631
           5020         451696       -609.862
           5030         452696       -553.631
           5040         453696       -553.631
           5050         454696       -553.631
           5060         455696       -553.631
           5070         456696       -553.631
           5080         457696       -553.631
           5090         458696       -553.631
           5100         459696       -553.631
           5110         460696       -553.631
           5120         461696       -553.631
           5130         462696       -553.631
           5140         463696       -553.631
           5150         464696       -553.631
           5160         465696       -553.631
           5170         466696       -553.631
           5180         467696       -553.631
           5190         468696       -553.631
           5200         469696       -553.631
           5210         470696       -553.631
           5220         471696       -553.631
           5230         472696       -553.631
           5240         473696       -553.631
           5250         474696       -553.631
           5260         475696       -553.631
           5270         476696       -553.631
           5280         477696       -553.631
           5290         478696       -553.631
           5300         479696       -553.631
           5310         480696       -553.631
           5320         481696       -553.631
           5330         482696       -553.631
           5340         483696       -553.631
           5350         484696       -553.631
           5360         485696       -553.631
           5370         486696       -553.631
           5380         487696       -553.631
           5390         488696       -553.631
           5400         489696       -553.631
           5410         490696       -553.631
           5420         491696       -553.631
           5430         492696       -553.631
           5440         493696       -553.631
           5450         494696       -553.631
           5460         495696       -553.631
           5470         496696       -553.631
           5480         497696       -553.631
           5490         498696       -553.631
           5500         499696       -553.631
