             10            183      -1063.838
             20            387      -1052.106
             30            593      -4934.802
             40            846      -1075.974
             50           1160       -937.939
             60           1693      -1757.004
             70           2154      -4699.432
             80           2628      -3061.956
             90           3140      -6668.743
            100           3716      -2311.524
            110           4334      -5354.167
            120           4934      -4473.131
            130           5722      -3870.135
            140           6481      -5811.555
            150           7211      -5614.468
            160           7926      -6158.919
            170           8814      -4277.419
            180           9435      -5009.871
            190          10232      -5616.360
            200          11036      -1004.411
            210          11835      -5018.156
            220          12679      -6169.621
            230          13364      -5600.248
            240          14070      -4662.829
            250          14839      -5841.848
            260          15821      -4614.417
            270          16603      -3821.514
            280          17292      -5428.982
            290          18158      -4181.511
            300          18674      -5182.084
            310          19330      -5482.790
            320          20276      -3525.847
            330          21249      -5377.014
            340          22146      -6737.558
            350          23114      -4653.647
            360          23996      -1008.423
            370          24810      -7022.448
            380          25585      -7152.759
            390          26446       -972.951
            400          27113      -4119.704
            410          27871      -4843.354
            420          28708      -4663.254
            430          29423      -4934.043
            440          30043      -7213.138
            450          30966      -6517.317
            460          31539      -4871.833
            470          32220      -3814.649
            480          32876      -5835.258
            490          33657      -2394.168
            500          34502      -3501.792
            510          35141      -5664.815
            520          35699      -2089.742
            530          36435      -4574.678
            540          36951       -924.628
            550          37589      -2440.564
            560          38191       -972.135
            570          38750      -5702.004
            580          39328      -4411.477
            590          40021      -2491.656
            600          40567      -4157.823
            610          41119      -2312.818
            620          41767       -873.462
            630          42320       -808.904
            640          42856      -5016.719
            650          43420       -890.259
            660          44156      -2002.364
            670          44789      -2103.993
            680          45374      -5353.612
            690          46035      -2808.708
            700          46443      -2079.911
            710          47023      -1989.724
            720          47628      -4700.997
            730          48154      -5379.761
            740          48906       -876.834
            750          49468      -1677.998
            760          50060      -4357.258
            770          50514       -856.879
            780          51234      -2591.733
            790          51751       -694.736
            800          52356      -4102.323
            810          52903       -930.815
            820          53426      -1846.319
            830          54084      -1998.244
            840          54656       -962.380
            850          55131      -4302.783
            860          55744       -792.453
            870          56215       -817.265
            880          56578      -2361.587
            890          57044      -3744.172
            900          57811       -801.984
            910          58364      -2467.846
            920          58924       -936.804
            930          59415       -857.756
            940          59912       -917.604
            950          60495       -969.053
            960          61211      -4012.178
            970          61780      -1804.901
            980          62368      -4436.085
            990          62952       -858.712
           1000          63401       -878.605
           1010          63950       -964.564
           1020          64491       -781.732
           1030          65149      -2523.444
           1040          65773      -2328.479
           1050          66217      -2488.248
           1060          66870       -758.368
           1070          67323      -2461.948
           1080          67835       -759.943
           1090          68254      -3810.223
           1100          68880       -840.751
           1110          69533       -950.597
           1120          70218      -1133.177
           1130          70730       -981.343
           1140          71199       -803.591
           1150          71809       -793.650
           1160          72282      -1005.562
           1170          72680       -778.750
           1180          73267       -824.398
           1190          73916       -804.157
           1200          74386       -810.288
           1210          74791      -1771.008
           1220          75378       -837.308
           1230          75874       -586.644
           1240          76350       -758.081
           1250          76921       -829.942
           1260          77510       -715.909
           1270          78194      -1079.251
           1280          78676       -917.199
           1290          79200       -833.616
           1300          79745      -2372.311
           1310          80473      -2334.603
           1320          81232       -790.401
           1330          81993      -2211.907
           1340          82688       -580.619
           1350          83178      -2647.326
           1360          83887      -1891.510
           1370          84477      -2676.324
           1380          85029      -6590.767
           1390          85591      -5937.409
           1400          86161      -5835.575
           1410          86663       -748.231
           1420          87342       -759.501
           1430          88052      -1110.403
           1440          88566      -1110.403
           1450          89386       -501.802
           1460          90154       -574.987
           1470          90869      -1051.074
           1480          91645       -638.707
           1490          92349       -901.892
           1500          93051      -2024.344
           1510          93693       -473.738
           1520          94682       -514.989
           1530          95380       -508.535
           1540          96247       -929.801
           1550          96903       -498.497
           1560          97761       -651.762
           1570          98600       -492.150
           1580          99380       -778.945
           1590         100257       -440.159
           1600         100951       -440.159
           1610         101931       -428.456
           1620         102743       -428.456
           1630         103681       -428.456
           1640         104500       -428.456
           1650         105451       -428.456
           1660         106269       -428.456
           1670         107269       -440.159
           1680         108199       -440.159
           1690         109199       -440.159
           1700         109999       -440.159
           1710         110760       -440.159
           1720         111557       -440.159
           1730         112428       -486.858
           1740         113392       -440.159
           1750         114337       -469.630
           1760         115250       -469.630
           1770         116239       -469.630
           1780         117202       -440.159
           1790         118202       -440.159
           1800         119072       -440.159
           1810         120018       -440.159
           1820         120964       -440.159
           1830         121853       -468.396
           1840         122799       -473.740
           1850         123799       -473.740
           1860         124795       -483.583
           1870         125779       -473.740
           1880         126777       -478.755
           1890         127777       -485.560
           1900         128777       -461.788
           1910         129722       -504.943
           1920         130651       -504.943
           1930         131622       -469.026
           1940         132613       -496.519
           1950         133486       -454.359
           1960         134308       -461.497
           1970         135257       -469.152
           1980         136150       -469.152
           1990         137115       -469.625
           2000         138037       -438.391
           2010         138981       -438.391
           2020         139966       -484.227
           2030         140766       -485.564
           2040         141736       -510.776
           2050         142538       -437.511
           2060         143493       -418.854
           2070         144493       -418.854
           2080         145444       -418.854
           2090         146365       -418.854
           2100         147231       -418.854
           2110         148231       -418.854
           2120         149148       -430.522
           2130         150069       -440.159
           2140         151017       -458.637
           2150         151817       -473.267
           2160         152817       -458.637
           2170         153817       -468.289
           2180         154710       -440.159
           2190         155629       -440.159
           2200         156587       -440.159
           2210         157587       -440.159
           2220         158555       -440.159
           2230         159491       -440.159
           2240         160422       -440.159
           2250         161409       -440.159
           2260         162384       -440.159
           2270         163370       -505.770
           2280         164260       -440.159
           2290         165260       -502.305
           2300         166260       -502.305
           2310         167260       -502.305
           2320         168260       -502.305
           2330         169130       -502.305
           2340         170086       -474.424
           2350         171086      -3945.647
           2360         172028      -3945.647
           2370         172985      -3945.647
           2380         173985       -440.159
           2390         174985       -440.159
           2400         175985       -440.159
           2410         176946       -468.396
           2420         177946       -468.396
           2430         178864       -478.755
           2440         179820       -478.755
           2450         180820       -477.450
           2460         181820       -450.118
           2470         182743       -450.118
           2480         183743       -481.062
           2490         184743       -861.226
           2500         185598       -469.026
           2510         186452       -469.026
           2520         187452       -469.026
           2530         188421       -469.026
           2540         189421       -450.118
           2550         190362       -480.118
           2560         191254       -464.606
           2570         192248       -463.987
           2580         193155       -463.987
           2590         194147       -469.026
           2600         195133       -439.605
           2610         196056       -440.159
           2620         197056       -440.159
           2630         198054       -440.159
           2640         199054       -440.159
           2650         200033       -440.159
           2660         201033       -440.159
           2670         202033       -440.159
           2680         203033       -440.159
           2690         203956       -440.159
           2700         204956       -440.159
           2710         205956       -440.159
           2720         206956       -487.591
           2730         207956       -487.591
           2740         208876       -487.591
           2750         209876       -487.591
           2760         210876       -487.591
           2770         211863       -438.478
           2780         212863       -438.478
           2790         213863       -438.478
           2800         214799       -438.478
           2810         215799       -438.478
           2820         216736       -430.522
           2830         217670       -430.522
           2840         218670       -430.522
           2850         219670       -430.522
           2860         220670       -457.998
           2870         221670       -457.998
           2880         222670       -832.311
           2890         223591       -637.660
           2900         224511       -472.418
           2910         225511       -472.418
           2920         226452       -473.624
           2930         227452       -805.443
           2940         228371       -468.601
           2950         229371       -498.629
           2960         230371       -430.522
           2970         231371       -430.522
           2980         232371       -430.522
           2990         233371       -418.854
           3000         234371       -418.854
           3010         235210       -418.854
           3020         236210       -418.854
           3030         237206       -418.854
           3040         238206       -418.854
           3050         239206       -418.854
           3060         240206       -418.854
           3070         241206       -448.699
           3080         242048       -448.699
           3090         242969       -448.699
           3100         243969       -448.699
           3110         244892       -448.699
           3120         245892       -433.662
           3130         246816       -448.699
           3140         247816       -439.660
           3150         248816       -439.660
           3160         249816       -439.660
           3170         250816       -433.662
           3180         251791       -433.662
           3190         252791       -507.654
           3200         253785       -434.874
           3210         254785       -433.662
           3220         255711       -433.662
           3230         256633       -455.022
           3240         257633       -430.522
           3250         258633       -430.522
           3260         259633       -430.522
           3270         260633       -430.522
           3280         261633       -430.522
           3290         262633       -430.522
           3300         263633       -430.522
           3310         264633       -430.522
           3320         265633       -430.522
           3330         266633       -430.522
           3340         267633       -430.522
           3350         268633       -430.522
           3360         269633       -430.522
           3370         270633       -430.522
           3380         271633       -430.522
           3390         272633       -430.522
           3400         273633       -430.522
           3410         274633       -430.522
           3420         275633       -430.522
           3430         276633       -430.522
           3440         277633       -430.522
           3450         278633       -430.522
           3460         279633       -430.522
           3470         280633       -450.788
           3480         281633       -430.522
           3490         282633       -430.522
           3500         283633       -418.854
           3510         284633       -418.854
           3520         285633       -418.854
           3530         286633       -418.854
           3540         287633       -418.854
           3550         288633       -449.319
           3560         289620       -449.319
           3570         290620       -430.522
           3580         291620       -430.522
           3590         292540       -430.522
           3600         293540       -430.522
           3610         294540       -430.522
           3620         295540       -430.522
           3630         296474       -450.788
           3640         297474       -460.869
           3650         298474       -460.869
           3660         299385       -460.869
           3670         300385       -460.869
           3680         301385       -460.869
           3690         302385       -460.869
           3700         303385       -460.869
           3710         304336       -460.869
           3720         305336       -450.788
           3730         306297       -450.788
           3740         307297       -450.788
           3750         308259       -450.788
           3760         309209       -430.522
           3770         310209       -430.522
           3780         311209       -430.522
           3790         312209       -430.522
           3800         313209       -430.522
           3810         314209       -430.522
           3820         315209       -430.522
           3830         316209       -430.522
           3840         317209       -430.522
           3850         318209       -430.522
           3860         319209       -430.522
           3870         320209       -418.854
           3880         321209       -430.522
           3890         322209       -430.522
           3900         323209       -418.854
           3910         324137       -418.854
           3920         325137       -418.854
           3930         326137       -418.854
           3940         327137       -418.854
           3950         328102       -430.522
           3960         329102       -430.522
           3970         330102       -430.522
           3980         331102       -430.522
           3990         332020       -430.522
           4000         333020       -430.522
           4010         334020       -430.522
           4020         335020       -450.788
           4030         336020       -450.788
           4040         337020       -450.788
           4050         338020       -450.788
           4060         339020       -450.788
           4070         339939       -450.788
           4080         340939       -450.788
           4090         341939       -450.788
           4100         342939       -450.788
           4110         343939       -450.788
           4120         344939       -450.788
           4130         345939       -450.788
           4140         346939       -450.788
           4150         347936       -492.889
           4160         348936       -492.889
           4170         349936       -492.889
           4180         350936       -492.889
           4190         351936       -492.889
           4200         352936       -492.889
           4210         353875       -492.889
           4220         354875       -430.522
           4230         355875       -430.522
           4240         356875       -458.223
           4250         357875       -430.522
           4260         358875       -449.490
           4270         359875       -430.522
           4280         360875       -430.522
           4290         361875       -430.522
           4300         362875       -430.522
           4310         363875       -430.522
           4320         364875       -430.522
           4330         365875       -430.522
           4340         366875       -430.522
           4350         367875       -430.522
           4360         368875       -430.522
           4370         369875       -430.522
           4380         370798       -430.522
           4390         371798       -430.522
           4400         372798       -430.522
           4410         373798       -430.522
           4420         374798       -430.522
           4430         375798       -430.522
           4440         376798       -430.522
           4450         377798       -430.522
           4460         378798       -430.522
           4470         379798       -430.522
           4480         380798       -430.522
           4490         381717       -430.522
           4500         382717       -430.522
           4510         383717       -430.522
           4520         384717       -430.522
           4530         385717       -430.522
           4540         386717       -430.522
           4550         387717       -430.522
           4560         388717       -430.522
           4570         389717       -430.522
           4580         390717       -430.522
           4590         391717       -430.522
           4600         392717       -430.522
           4610         393717       -430.522
           4620         394717       -430.522
           4630         395717       -430.522
           4640         396717       -430.522
           4650         397717       -430.522
           4660         398717       -430.522
           4670         399717       -430.522
           4680         400717       -430.522
           4690         401717       -430.522
           4700         402717       -430.522
           4710         403717       -430.522
           4720         404717       -430.522
           4730         405717       -430.522
           4740         406717       -430.522
           4750         407717       -430.522
           4760         408717       -430.522
           4770         409717       -430.522
           4780         410717       -430.522
           4790         411636       -430.522
           4800         412636       -430.522
           4810         413636       -430.522
           4820         414636       -430.522
           4830         415636       -430.522
           4840         416636       -430.522
           4850         417636       -430.522
           4860         418636       -430.522
           4870         419575       -430.522
           4880         420575       -430.522
           4890         421494       -430.522
           4900         422494       -430.522
           4910         423494       -430.522
           4920         424494       -430.522
           4930         425494       -430.522
           4940         426494       -430.522
           4950         427494       -430.522
           4960         428494       -430.522
           4970         429494       -430.522
           4980         430494       -430.522
           4990         431494       -430.522
           5000         432494       -430.522
           5010         433494       -430.522
           5020         434494       -430.522
           5030         435494       -430.522
           5040         436494       -430.522
           5050         437494       -430.522
           5060         438494       -430.522
           5070         439494       -430.522
           5080         440494       -430.522
           5090         441494       -430.522
           5100         442494       -430.522
           5110         443494       -430.522
           5120         444494       -430.522
           5130         445494       -430.522
           5140         446494       -430.522
           5150         447494       -430.522
           5160         448494       -430.522
           5170         449494       -430.522
           5180         450494       -430.522
           5190         451494       -418.854
           5200         452494       -430.522
           5210         453494       -430.522
           5220         454413       -430.522
           5230         455413       -430.522
           5240         456413       -430.522
           5250         457413       -430.522
           5260         458413       -492.889
           5270         459413       -492.889
           5280         460413       -492.889
           5290         461413       -492.889
           5300         462413       -492.889
           5310         463332       -492.889
           5320         464332       -492.889
           5330         465332       -492.889
           5340         466332       -492.889
           5350         467332       -492.889
           5360         468332       -492.889
           5370         469332       -492.889
           5380         470332       -492.889
           5390         471332       -492.889
           5400         472332       -492.889
           5410         473332       -492.889
           5420         474332       -492.889
           5430         475332       -492.889
           5440         476332       -492.889
           5450         477332       -492.889
           5460         478332       -492.889
           5470         479332       -492.889
           5480         480332       -492.889
           5490         481332       -492.889
           5500         482332       -492.889
           5510         483332       -492.889
           5520         484332       -492.889
           5530         485332       -492.889
           5540         486332       -492.889
           5550         487332       -492.889
           5560         488332       -492.889
           5570         489332       -492.889
           5580         490332       -492.889
           5590         491332       -492.889
           5600         492332       -492.889
           5610         493332       -492.889
           5620         494332       -492.889
           5630         495332       -492.889
           5640         496332       -492.889
           5650         497332       -492.889
           5660         498332       -492.889
           5670         499332       -492.889
