             10            947      -6423.319
             20           1856      -4934.802
             30           2817      -5155.292
             40           3659      -5529.779
             50           4613      -6014.050
             60           5572      -5889.261
             70           6506      -5761.665
             80           7438      -4934.802
             90           8361      -5625.300
            100           9293      -6212.951
            110          10185      -4320.071
            120          11185      -2356.469
            130          12154      -5695.902
            140          13154      -6406.649
            150          14086      -5398.507
            160          15086      -4934.802
            170          16027      -5766.131
            180          16972      -6170.061
            190          17860      -6031.094
            200          18860      -4993.964
            210          19860      -6076.802
            220          20803      -5687.181
            230          21803      -6183.113
            240          22735      -5885.388
            250          23680      -6002.535
            260          24574      -5819.109
            270          25572      -6052.119
            280          26506      -6414.310
            290          27455      -6246.317
            300          28455      -7278.259
            310          29443      -5874.790
            320          30443      -6683.608
            330          31443      -6677.507
            340          32419      -3631.609
            350          33418      -6076.053
            360          34398      -6158.879
            370          35398      -5156.618
            380          36398      -5882.080
            390          37398      -5547.525
            400          38318      -6201.839
            410          39272      -5915.675
            420          40232      -5788.634
            430          41232      -6267.629
            440          42219      -3631.301
            450          43154      -7499.322
            460          44154      -6991.709
            470          45154      -5620.940
            480          46154      -6737.025
            490          47134      -5940.946
            500          48094      -6879.769
            510          49054      -5429.425
            520          50054      -6923.445
            530          51054      -6497.003
            540          52054      -6303.252
            550          53042      -7558.953
            560          54042      -5655.774
            570          55042      -6061.542
            580          56027      -5082.498
            590          57024      -7208.786
            600          58024      -5886.040
            610          59024      -6114.502
            620          59982      -3118.934
            630          60975      -6131.333
            640          61975      -5547.109
            650          62948      -6594.847
            660          63942      -6180.089
            670          64942      -5631.830
            680          65942      -7027.613
            690          66942      -6098.854
            700          67942      -6103.204
            710          68906      -6317.671
            720          69885      -6765.938
            730          70885      -5858.141
            740          71844      -5994.468
            750          72839      -5076.287
            760          73807      -5380.741
            770          74784      -6904.139
            780          75784      -6340.861
            790          76784      -6343.239
            800          77784      -5647.355
            810          78735      -6856.515
            820          79699      -6179.057
            830          80648      -6341.356
            840          81648      -7604.950
            850          82648      -7467.279
            860          83648      -6183.866
            870          84601      -5496.877
            880          85601      -6344.332
            890          86567      -6597.834
            900          87539      -5275.506
            910          88539      -6879.053
            920          89539      -6579.777
            930          90511      -7270.853
            940          91493      -7181.739
            950          92456      -6112.677
            960          93374      -7052.113
            970          94345      -6344.429
            980          95345      -5945.535
            990          96345      -7632.716
           1000          97345      -6852.399
           1010          98282      -6372.422
           1020          99266      -7290.744
           1030         100247      -8586.967
           1040         101229      -6785.210
           1050         102202      -6599.210
           1060         103126      -5625.793
           1070         104107      -7169.503
           1080         105095      -6374.371
           1090         105986      -6438.523
           1100         106938      -4983.968
           1110         107860      -5500.544
           1120         108819      -9987.918
           1130         109801      -3966.031
           1140         110756      -6018.519
           1150         111664      -5772.364
           1160         112653      -6791.959
           1170         113566      -5439.004
           1180         114503      -6001.097
           1190         115500      -4378.446
           1200         116414      -5372.479
           1210         117353      -6293.469
           1220         118204      -5529.351
           1230         119108      -5996.547
           1240         120056      -6556.303
           1250         120992      -4183.630
           1260         121939      -3274.391
           1270         122766      -5748.256
           1280         123654      -4294.561
           1290         124551      -6899.224
           1300         125515      -7457.375
           1310         126389      -5093.671
           1320         127348      -6305.037
           1330         128312      -6054.427
           1340         129236      -7947.663
           1350         130100      -7432.385
           1360         131050      -6558.830
           1370         131917      -6620.549
           1380         132870      -2288.470
           1390         133784      -5482.162
           1400         134682      -5777.119
           1410         135586      -5906.292
           1420         136515      -6300.277
           1430         137433      -5697.942
           1440         138281      -2199.203
           1450         139158      -3086.161
           1460         139933      -5021.773
           1470         140650      -6395.628
           1480         141502      -2984.769
           1490         142301      -5092.926
           1500         143155      -7491.285
           1510         143917      -6107.153
           1520         144868      -4652.539
           1530         145753      -4934.802
           1540         146604      -4380.962
           1550         147504      -3406.088
           1560         148359      -5080.049
           1570         149228      -4697.179
           1580         150086      -6596.877
           1590         150860      -2101.365
           1600         151713      -3114.915
           1610         152475      -3327.114
           1620         153307      -2970.360
           1630         154137      -5232.016
           1640         154981      -4360.923
           1650         155825      -6446.560
           1660         156646      -3266.322
           1670         157503      -4950.431
           1680         158303      -3396.808
           1690         159157      -2989.589
           1700         159990      -4662.696
           1710         160869      -3136.998
           1720         161544      -4497.765
           1730         162336      -1880.274
           1740         163104      -5179.755
           1750         163892      -4798.853
           1760         164757      -4402.445
           1770         165501      -4054.984
           1780         166259      -4092.844
           1790         167171      -5733.078
           1800         167922      -4879.442
           1810         168682      -5449.865
           1820         169513      -6315.727
           1830         170321      -3227.346
           1840         171090      -3189.245
           1850         171878      -2185.056
           1860         172790      -3988.054
           1870         173504      -1926.836
           1880         174286      -2336.753
           1890         175214      -4063.839
           1900         176028      -4677.007
           1910         176905      -2859.180
           1920         177732      -5404.571
           1930         178449      -6693.350
           1940         179235      -4574.523
           1950         180084      -5440.885
           1960         180839      -4560.817
           1970         181586      -4789.011
           1980         182218      -5644.372
           1990         183067      -3265.106
           2000         183785      -2871.757
           2010         184600      -4680.899
           2020         185315      -3441.476
           2030         185972      -2070.135
           2040         186638      -2025.421
           2050         187469      -3372.312
           2060         188196      -2231.644
           2070         188991      -6052.112
           2080         189885      -5406.258
           2090         190683      -3174.309
           2100         191457      -4560.722
           2110         192343      -1970.605
           2120         193175      -2329.836
           2130         193991      -5639.200
           2140         194752      -2246.771
           2150         195428      -1198.554
           2160         196073      -1286.780
           2170         196847      -1418.135
           2180         197541      -1509.399
           2190         198407      -1532.543
           2200         199301      -1624.257
           2210         200062      -1463.432
           2220         200930      -1469.107
           2230         201580      -1483.702
           2240         202304      -1446.286
           2250         203119      -1354.309
           2260         203871      -2096.926
           2270         204681      -1413.827
           2280         205517      -1254.939
           2290         206313      -1083.161
           2300         207187      -1083.161
           2310         208134      -1083.161
           2320         208948      -1102.464
           2330         209793      -1102.464
           2340         210745      -1102.464
           2350         211680      -1102.464
           2360         212628      -1111.627
           2370         213529      -1121.516
           2380         214423      -1121.516
           2390         215402      -1121.516
           2400         216349      -1121.516
           2410         217290      -1168.884
           2420         218224      -1130.005
           2430         219159      -1074.138
           2440         219903      -1114.720
           2450         220766      -1121.118
           2460         221649      -1074.138
           2470         222649      -1074.138
           2480         223602      -1074.138
           2490         224557      -1135.240
           2500         225481      -1074.138
           2510         226481      -1074.138
           2520         227431      -1074.138
           2530         228348      -1128.904
           2540         229338      -1149.812
           2550         230270      -1149.812
           2560         231219      -1150.953
           2570         232045      -1132.556
           2580         232905      -1177.671
           2590         233857      -1206.203
           2600         234702      -1140.604
           2610         235511      -1211.109
           2620         236231      -1180.970
           2630         237111      -1217.601
           2640         237980      -1454.449
           2650         238874      -1125.708
           2660         239688      -1153.031
           2670         240449      -1127.312
           2680         241294      -1127.312
           2690         242155      -1127.312
           2700         243061      -1127.312
           2710         243966      -1125.708
           2720         244900      -1125.708
           2730         245814      -1125.708
           2740         246761      -1125.708
           2750         247758      -1125.708
           2760         248758      -1125.708
           2770         249708      -1125.708
           2780         250669      -1125.708
           2790         251628      -1125.708
           2800         252578      -1125.708
           2810         253523      -1125.708
           2820         254477      -1125.708
           2830         255413      -1125.708
           2840         256413      -1125.708
           2850         257413      -1125.708
           2860         258413      -1125.708
           2870         259413      -1125.708
           2880         260413      -1125.708
           2890         261374      -1125.708
           2900         262347      -1125.708
           2910         263281      -1125.708
           2920         264238      -1125.708
           2930         265204      -1125.708
           2940         266204      -1125.708
           2950         267195      -1125.708
           2960         268147      -1125.708
           2970         269147      -1125.708
           2980         270083      -1125.708
           2990         271083      -1125.708
           3000         272083      -1125.708
           3010         273081      -1125.708
           3020         274081      -1125.708
           3030         275081      -1153.031
           3040         276028      -1199.832
           3050         277017      -1134.559
           3060         278017      -1135.020
           3070         278973      -1153.406
           3080         279919      -1153.406
           3090         280902      -1134.797
           3100         281902      -1134.797
           3110         282846      -1134.797
           3120         283748      -1125.388
           3130         284748      -1125.388
           3140         285748      -1125.388
           3150         286698      -1125.388
           3160         287698      -1125.388
           3170         288698      -1125.388
           3180         289632      -1125.388
           3190         290632      -1124.810
           3200         291632      -1124.810
           3210         292632      -1124.810
           3220         293562      -1124.810
           3230         294541      -1151.681
           3240         295541      -1134.310
           3250         296495      -1124.810
           3260         297426      -1124.810
           3270         298426      -1124.810
           3280         299391      -1124.810
           3290         300391      -1124.810
           3300         301391      -1124.810
           3310         302391      -1124.810
           3320         303391      -1124.810
           3330         304352      -1124.810
           3340         305352      -1124.810
           3350         306287      -1124.810
           3360         307145      -1124.810
           3370         308145      -1124.810
           3380         309145      -1124.810
           3390         310145      -1124.810
           3400         311078      -1151.681
           3410         311945      -1124.810
           3420         312945      -1124.810
           3430         313945      -1151.681
           3440         314945      -1151.681
           3450         315885      -1125.708
           3460         316885      -1125.708
           3470         317885      -1125.708
           3480         318822      -1125.708
           3490         319822      -1125.708
           3500         320822      -1125.708
           3510         321774      -1125.708
           3520         322774      -1125.708
           3530         323774      -1125.708
           3540         324660      -1125.708
           3550         325660      -1125.708
           3560         326660      -1125.708
           3570         327660      -1125.708
           3580         328660      -1125.708
           3590         329592      -1125.708
           3600         330592      -1125.708
           3610         331592      -1125.708
           3620         332592      -1125.708
           3630         333592      -1125.708
           3640         334592      -1125.708
           3650         335592      -1125.708
           3660         336592      -1125.708
           3670         337533      -1125.708
           3680         338533      -1125.708
           3690         339533      -1125.708
           3700         340533      -1125.708
           3710         341533      -1125.708
           3720         342533      -1125.708
           3730         343517      -1125.708
           3740         344451      -1125.708
           3750         345432      -1125.708
           3760         346371      -1125.708
           3770         347310      -1125.708
           3780         348310      -1125.708
           3790         349310      -1125.708
           3800         350310      -1125.708
           3810         351310      -1125.708
           3820         352278      -1125.708
           3830         353278      -1151.681
           3840         354278      -1125.708
           3850         355278      -1125.708
           3860         356278      -1125.708
           3870         357278      -1125.708
           3880         358278      -1125.708
           3890         359278      -1125.708
           3900         360278      -1125.708
           3910         361278      -1125.708
           3920         362215      -1125.708
           3930         363215      -1125.388
           3940         364215      -1125.388
           3950         365215      -1125.708
           3960         366215      -1164.347
           3970         367215      -1151.681
           3980         368215      -1125.708
           3990         369215      -1125.708
           4000         370158      -1125.708
           4010         371158      -1125.708
           4020         372095      -1125.708
           4030         373095      -1125.708
           4040         374028      -1125.708
           4050         375028      -1125.708
           4060         376028      -1125.708
           4070         377028      -1125.708
           4080         377919      -1125.708
           4090         378919      -1125.708
           4100         379919      -1125.708
           4110         380919      -1125.708
           4120         381919      -1125.708
           4130         382919      -1125.708
           4140         383919      -1125.708
           4150         384919      -1125.708
           4160         385919      -1125.708
           4170         386919      -1125.708
           4180         387850      -1125.708
           4190         388850      -1125.708
           4200         389825      -1125.708
           4210         390825      -1125.708
           4220         391756      -1125.708
           4230         392716      -1125.708
           4240         393716      -1125.708
           4250         394716      -1125.708
           4260         395649      -1125.708
           4270         396649      -1125.708
           4280         397628      -1125.708
           4290         398570      -1125.708
           4300         399570      -1125.708
           4310         400570      -1137.737
           4320         401570      -1125.708
           4330         402570      -1125.708
           4340         403511      -1125.708
           4350         404511      -1125.708
           4360         405511      -1125.708
           4370         406511      -1125.388
           4380         407511      -1125.388
           4390         408511      -1125.708
           4400         409511      -1125.708
           4410         410511      -1125.708
           4420         411511      -1125.708
           4430         412511      -1125.708
           4440         413511      -1125.708
           4450         414447      -1125.708
           4460         415447      -1125.708
           4470         416377      -1125.708
           4480         417377      -1125.708
           4490         418377      -1125.708
           4500         419377      -1125.708
           4510         420377      -1125.708
           4520         421377      -1125.708
           4530         422377      -1125.708
           4540         423377      -1125.708
           4550         424377      -1125.708
           4560         425377      -1125.708
           4570         426377      -1125.708
           4580         427377      -1125.708
           4590         428377      -1125.708
           4600         429377      -1125.708
           4610         430377      -1125.708
           4620         431377      -1125.708
           4630         432377      -1125.708
           4640         433377      -1125.708
           4650         434377      -1125.708
           4660         435377      -1125.708
           4670         436377      -1125.708
           4680         437377      -1125.708
           4690         438377      -1125.708
           4700         439377      -1125.708
           4710         440377      -1125.708
           4720         441377      -1125.708
           4730         442377      -1125.708
           4740         443377      -1125.708
           4750         444321      -1125.708
           4760         445321      -1125.708
           4770         446321      -1125.708
           4780         447321      -1125.708
           4790         448321      -1125.708
           4800         449274      -1151.681
           4810         450274      -1125.708
           4820         451230      -1125.708
           4830         452230      -1125.708
           4840         453230      -1125.708
           4850         454230      -1125.708
           4860         455230      -1125.708
           4870         456230      -1125.388
           4880         457230      -1125.388
           4890         458230      -1125.388
           4900         459230      -1125.708
           4910         460230      -1125.708
           4920         461230      -1125.708
           4930         462230      -1125.708
           4940         463230      -1125.708
           4950         464230      -1125.708
           4960         465230      -1125.708
           4970         466230      -1125.708
           4980         467230      -1125.708
           4990         468230      -1125.708
           5000         469230      -1125.708
           5010         470230      -1125.708
           5020         471230      -1125.708
           5030         472230      -1125.708
           5040         473230      -1125.708
           5050         474230      -1125.708
           5060         475230      -1125.708
           5070         476230      -1125.708
           5080         477230      -1125.708
           5090         478230      -1125.708
           5100         479230      -1125.708
           5110         480230      -1125.708
           5120         481230      -1125.708
           5130         482230      -1125.708
           5140         483230      -1125.708
           5150         484230      -1125.708
           5160         485230      -1125.708
           5170         486230      -1125.708
           5180         487230      -1125.708
           5190         488230      -1125.708
           5200         489230      -1125.708
           5210         490230      -1125.708
           5220         491230      -1125.708
           5230         492230      -1125.708
           5240         493230      -1125.708
           5250         494230      -1125.708
           5260         495230      -1125.708
           5270         496230      -1125.708
           5280         497230      -1125.708
           5290         498230      -1125.708
           5300         499230      -1125.708
