             10            661      -4934.802
             20           1469      -4971.967
             30           2377      -2546.227
             40           3173      -5848.123
             50           4010      -6047.570
             60           4932      -6131.033
             70           5859      -5891.905
             80           6789      -5735.263
             90           7636      -4574.238
            100           8613      -5880.503
            110           9550      -4934.802
            120          10528      -6500.351
            130          11483      -5665.331
            140          12483      -5486.403
            150          13454      -5914.056
            160          14241      -5887.962
            170          15160      -3919.662
            180          16099      -6225.806
            190          17042      -5472.813
            200          17971      -4262.876
            210          18927      -5637.982
            220          19832      -6755.111
            230          20832      -5641.213
            240          21793      -6570.627
            250          22651      -6478.508
            260          23616      -3343.141
            270          24563      -5752.681
            280          25502      -6099.810
            290          26462      -5526.247
            300          27422      -5579.922
            310          28407      -5680.512
            320          29375      -6166.703
            330          30373      -6076.564
            340          31311      -6088.763
            350          32310      -5974.667
            360          33237      -5962.595
            370          34175      -5194.206
            380          35110      -6517.580
            390          36081      -5460.030
            400          37030      -5905.879
            410          37992      -6179.118
            420          38992      -6130.592
            430          39956      -6105.799
            440          40899      -5483.708
            450          41877      -5632.242
            460          42877      -5526.119
            470          43852      -5836.297
            480          44812      -4934.802
            490          45778      -5105.002
            500          46778      -6048.501
            510          47743      -7876.787
            520          48713      -8102.604
            530          49594      -6512.938
            540          50535      -7523.875
            550          51535      -5956.827
            560          52535      -6379.552
            570          53444      -8458.319
            580          54425      -5951.166
            590          55393      -5330.136
            600          56339      -6153.747
            610          57296      -6612.383
            620          58275      -4720.737
            630          59265      -6509.518
            640          60165      -6107.585
            650          61138      -4798.526
            660          62138      -4578.070
            670          63096      -6058.553
            680          64050      -6284.044
            690          64931      -6266.428
            700          65833      -2521.284
            710          66619      -5340.756
            720          67552      -5340.900
            730          68423      -2349.441
            740          69167      -2242.503
            750          69929      -2950.538
            760          70715      -3424.312
            770          71592      -4159.252
            780          72462      -5463.253
            790          73264      -5649.618
            800          73942      -2455.880
            810          74687      -5261.322
            820          75282      -5400.735
            830          76039      -6625.199
            840          76656       -970.586
            850          77297       -916.106
            860          78026      -7162.443
            870          78817      -5061.928
            880          79461      -3164.331
            890          80253      -2403.164
            900          80871      -4389.207
            910          81595      -4745.254
            920          82349      -4985.382
            930          82991      -6969.533
            940          83636      -1021.818
            950          84334      -2163.558
            960          84990      -2501.182
            970          85657      -2321.918
            980          86057      -2771.050
            990          86656       -914.662
           1000          87391      -1036.286
           1010          87999       -971.738
           1020          88572      -6520.921
           1030          89334       -975.282
           1040          90055      -1044.210
           1050          90805      -4442.973
           1060          91349      -2396.444
           1070          92108       -952.195
           1080          92764      -1106.766
           1090          93398      -1099.627
           1100          94023       -854.670
           1110          94799      -2189.237
           1120          95594      -3459.824
           1130          96408      -5508.974
           1140          97198      -1090.131
           1150          97900      -1128.998
           1160          98599      -5279.634
           1170          99271      -1209.068
           1180          99927      -1082.536
           1190         100717      -2364.480
           1200         101337      -2291.428
           1210         102031       -973.073
           1220         102490      -2259.949
           1230         103047       -998.146
           1240         103785       -976.069
           1250         104439       -950.647
           1260         105189      -1097.484
           1270         105797       -775.509
           1280         106552      -1023.750
           1290         107226      -4662.739
           1300         107968       -962.961
           1310         108815       -911.128
           1320         109651       -985.859
           1330         110430      -1173.183
           1340         111104      -1153.404
           1350         111654       -846.657
           1360         112412      -3137.937
           1370         113091      -3556.569
           1380         113788       -985.409
           1390         114511       -913.480
           1400         115271      -5853.636
           1410         115892       -923.203
           1420         116590       -803.797
           1430         117283      -2716.644
           1440         117911       -969.708
           1450         118535       -912.962
           1460         119142      -2243.811
           1470         119861       -951.520
           1480         120684       -953.079
           1490         121172      -3677.435
           1500         121933       -957.109
           1510         122557      -1220.691
           1520         123255      -1045.312
           1530         123977       -728.629
           1540         124687      -2036.616
           1550         125517       -957.433
           1560         126343       -943.319
           1570         127028       -750.131
           1580         127739       -934.666
           1590         128432      -4045.725
           1600         129245       -845.718
           1610         130018      -2678.964
           1620         130783      -1946.957
           1630         131742       -614.070
           1640         132585       -651.537
           1650         133483       -651.808
           1660         134468       -651.808
           1670         135326       -651.808
           1680         136176       -642.104
           1690         137098      -4895.206
           1700         138028      -4937.055
           1710         139028       -677.856
           1720         139921      -4934.802
           1730         140861       -633.045
           1740         141752       -669.508
           1750         142737       -624.570
           1760         143699       -643.989
           1770         144561       -643.989
           1780         145523       -748.293
           1790         146388       -635.570
           1800         147370      -2568.785
           1810         148370      -2959.395
           1820         149200      -2959.395
           1830         150094       -633.779
           1840         150980       -633.779
           1850         151922       -624.570
           1860         152875       -652.016
           1870         153775       -654.773
           1880         154730       -975.673
           1890         155599       -633.615
           1900         156454       -623.335
           1910         157298       -660.113
           1920         158194       -695.948
           1930         159096       -645.889
           1940         159989       -646.581
           1950         160864       -631.139
           1960         161864       -631.139
           1970         162751       -631.139
           1980         163751       -631.139
           1990         164684       -631.139
           2000         165665       -633.289
           2010         166562       -631.139
           2020         167515       -631.139
           2030         168515       -622.542
           2040         169504       -631.139
           2050         170504       -631.139
           2060         171478       -631.139
           2070         172416       -622.542
           2080         173416       -669.952
           2090         174336       -641.387
           2100         175336       -641.387
           2110         176336       -641.387
           2120         177336       -641.387
           2130         178196       -641.387
           2140         179072       -641.387
           2150         180072       -632.515
           2160         181027       -659.277
           2170         181954       -632.515
           2180         182874       -632.515
           2190         183852       -632.515
           2200         184852       -632.515
           2210         185774       -632.515
           2220         186774       -632.515
           2230         187731       -632.515
           2240         188731       -605.837
           2250         189699       -614.341
           2260         190699       -659.277
           2270         191699       -659.277
           2280         192699       -632.515
           2290         193699       -632.515
           2300         194699       -632.515
           2310         195651       -659.277
           2320         196590       -648.825
           2330         197518       -672.568
           2340         198386       -672.568
           2350         199386       -648.825
           2360         200355       -630.447
           2370         201355       -630.447
           2380         202355       -630.447
           2390         203355       -630.447
           2400         204355       -630.447
           2410         205277       -651.987
           2420         206277       -651.987
           2430         207235       -651.987
           2440         208235       -658.587
           2450         209235       -658.587
           2460         210235       -658.587
           2470         211235       -658.587
           2480         212235       -668.425
           2490         213165       -632.632
           2500         214165       -641.387
           2510         215165       -641.387
           2520         216165       -641.387
           2530         217096       -641.387
           2540         218051       -631.780
           2550         219051       -631.780
           2560         219954       -652.239
           2570         220905       -624.137
           2580         221865       -634.941
           2590         222847       -611.976
           2600         223796       -611.976
           2610         224667       -621.689
           2620         225667       -621.689
           2630         226646       -621.689
           2640         227646       -621.689
           2650         228599       -621.689
           2660         229532       -621.689
           2670         230494       -621.689
           2680         231494       -663.104
           2690         232494       -663.104
           2700         233494       -641.119
           2710         234494       -668.425
           2720         235494       -632.515
           2730         236444       -632.515
           2740         237444       -632.515
           2750         238342       -632.515
           2760         239342       -632.515
           2770         240272       -632.515
           2780         241256       -659.277
           2790         242256       -659.277
           2800         243256       -659.277
           2810         244132       -659.277
           2820         245132       -659.277
           2830         246132       -659.277
           2840         247132       -659.277
           2850         248132       -671.178
           2860         249086       -633.897
           2870         250086       -632.515
           2880         251086       -632.515
           2890         252086       -631.720
           2900         253086       -631.720
           2910         254020       -649.226
           2920         255020       -631.720
           2930         256020       -631.720
           2940         256982       -631.720
           2950         257932       -631.720
           2960         258932       -631.720
           2970         259932       -631.720
           2980         260932       -631.720
           2990         261890       -690.725
           3000         262890       -662.751
           3010         263819       -662.751
           3020         264776       -662.751
           3030         265776       -662.751
           3040         266677       -679.532
           3050         267677       -681.035
           3060         268677       -681.035
           3070         269657       -662.542
           3080         270657       -631.929
           3090         271657       -631.929
           3100         272616       -631.929
           3110         273616       -631.929
           3120         274616       -631.929
           3130         275616       -631.929
           3140         276518       -649.226
           3150         277518       -649.226
           3160         278500       -649.226
           3170         279466       -649.226
           3180         280466       -649.226
           3190         281466       -649.226
           3200         282466       -649.226
           3210         283466       -649.226
           3220         284466       -649.226
           3230         285466       -649.226
           3240         286466       -649.226
           3250         287466       -679.532
           3260         288348       -649.226
           3270         289348       -696.306
           3280         290276       -679.532
           3290         291253       -679.532
           3300         292253       -696.306
           3310         293186       -696.306
           3320         294113       -660.585
           3330         295113       -694.111
           3340         296049       -679.532
           3350         297049       -679.532
           3360         298049       -679.532
           3370         298999       -679.532
           3380         299957       -707.192
           3390         300952       -696.306
           3400         301875       -696.306
           3410         302875       -672.815
           3420         303875       -707.192
           3430         304862       -680.010
           3440         305862       -630.447
           3450         306862       -630.447
           3460         307862       -630.447
           3470         308862       -630.447
           3480         309862       -630.447
           3490         310862       -630.447
           3500         311862       -630.447
           3510         312760       -630.447
           3520         313760       -630.447
           3530         314760       -630.447
           3540         315760       -630.447
           3550         316741       -630.447
           3560         317741       -630.447
           3570         318741       -630.447
           3580         319741       -630.447
           3590         320741       -630.447
           3600         321741       -630.447
           3610         322741       -630.447
           3620         323741       -630.447
           3630         324741       -630.447
           3640         325741       -630.447
           3650         326741       -630.447
           3660         327741       -630.447
           3670         328741       -630.447
           3680         329741       -630.447
           3690         330673       -658.587
           3700         331673       -658.587
           3710         332673       -658.587
           3720         333673       -658.587
           3730         334673       -630.447
           3740         335605       -658.587
           3750         336605       -658.587
           3760         337605       -658.587
           3770         338567       -658.587
           3780         339567       -670.899
           3790         340567       -670.899
           3800         341567       -658.587
           3810         342567       -670.899
           3820         343517       -849.693
           3830         344517       -670.899
           3840         345517       -670.899
           3850         346517       -658.587
           3860         347517       -668.425
           3870         348517       -668.425
           3880         349517       -668.425
           3890         350517       -668.425
           3900         351449       -668.425
           3910         352449       -668.425
           3920         353327       -677.375
           3930         354327       -677.375
           3940         355327       -668.425
           3950         356290       -659.277
           3960         357290       -661.815
           3970         358290       -661.815
           3980         359226       -661.815
           3990         360226       -659.277
           4000         361226       -659.277
           4010         362226       -659.277
           4020         363226       -659.277
           4030         364226       -659.277
           4040         365226       -659.277
           4050         366226       -659.277
           4060         367226       -659.277
           4070         368226       -659.277
           4080         369226       -659.277
           4090         370226       -659.277
           4100         371226       -630.447
           4110         372226       -630.447
           4120         373159       -649.873
           4130         374159       -649.873
           4140         375159       -630.447
           4150         376159       -630.447
           4160         377159       -630.447
           4170         378159       -630.447
           4180         379159       -630.447
           4190         380159       -630.447
           4200         381090       -630.447
           4210         382090       -630.447
           4220         383090       -630.447
           4230         384090       -630.447
           4240         385090       -630.447
           4250         386090       -630.447
           4260         387090       -630.447
           4270         388090       -630.447
           4280         389090       -630.447
           4290         390090       -630.447
           4300         391090       -630.447
           4310         392090       -630.447
           4320         393090       -630.447
           4330         394090       -630.447
           4340         395090       -630.447
           4350         396090       -630.447
           4360         397090       -630.447
           4370         398090       -630.447
           4380         399090       -630.447
           4390         400090       -630.447
           4400         401090       -630.447
           4410         402090       -630.447
           4420         403090       -630.447
           4430         404090       -630.447
           4440         405090       -630.447
           4450         406090       -630.447
           4460         407090       -630.447
           4470         408090       -630.447
           4480         409090       -630.447
           4490         410090       -670.899
           4500         411090       -670.899
           4510         412090       -670.899
           4520         413090       -670.899
           4530         414090       -670.899
           4540         415090       -670.899
           4550         416090       -630.447
           4560         417090       -630.447
           4570         418090       -630.447
           4580         419090       -630.447
           4590         420090       -630.447
           4600         421090       -630.447
           4610         422090       -630.447
           4620         423090       -630.447
           4630         424090       -630.447
           4640         425090       -630.447
           4650         426090       -630.447
           4660         427090       -630.447
           4670         428090       -630.447
           4680         429016       -630.447
           4690         430016       -630.447
           4700         431016       -630.447
           4710         432016       -630.447
           4720         433016       -630.447
           4730         434016       -630.447
           4740         435016       -630.447
           4750         436016       -630.447
           4760         437016       -630.447
           4770         438016       -630.447
           4780         439016       -630.447
           4790         440016       -630.447
           4800         441016       -630.447
           4810         442016       -630.447
           4820         443016       -630.447
           4830         444016       -630.447
           4840         444961       -630.447
           4850         445961       -630.447
           4860         446961       -630.447
           4870         447961       -630.447
           4880         448961       -630.447
           4890         449961       -630.447
           4900         450961       -630.447
           4910         451961       -630.447
           4920         452961       -630.447
           4930         453961       -630.447
           4940         454961       -630.447
           4950         455961       -630.447
           4960         456961       -630.447
           4970         457961       -630.447
           4980         458961       -630.447
           4990         459961       -630.447
           5000         460961       -630.447
           5010         461961       -630.447
           5020         462961       -630.447
           5030         463961       -630.447
           5040         464961       -630.447
           5050         465961       -630.447
           5060         466961       -630.447
           5070         467961       -630.447
           5080         468961       -630.447
           5090         469961       -630.447
           5100         470961       -630.447
           5110         471961       -630.447
           5120         472961       -630.447
           5130         473961       -630.447
           5140         474961       -630.447
           5150         475961       -630.447
           5160         476961       -630.447
           5170         477961       -630.447
           5180         478961       -630.447
           5190         479961       -630.447
           5200         480961       -630.447
           5210         481961       -630.447
           5220         482961       -630.447
           5230         483961       -630.447
           5240         484961       -630.447
           5250         485961       -630.447
           5260         486961       -630.447
           5270         487961       -630.447
           5280         488961       -630.447
           5290         489961       -630.447
           5300         490961       -630.447
           5310         491961       -630.447
           5320         492961       -630.447
           5330         493961       -630.447
           5340         494961       -630.447
           5350         495961       -630.447
           5360         496961       -630.447
           5370         497961       -630.447
           5380         498961       -630.447
           5390         499961       -630.447
