             10            993      -2927.708
             20           1858      -5840.332
             30           2759      -5679.042
             40           3749      -5591.642
             50           4739      -2118.167
             60           5696      -5594.210
             70           6576      -6142.814
             80           7526      -5685.125
             90           8526      -4934.802
            100           9477      -5645.591
            110          10466      -5327.539
            120          11395      -6055.497
            130          12304      -6092.876
            140          13304      -6579.647
            150          14302      -5494.436
            160          15302      -4934.802
            170          16252      -6304.328
            180          17225      -5737.373
            190          18202      -5914.347
            200          19140      -6694.729
            210          20103      -5489.590
            220          21102      -5252.390
            230          22062      -5950.680
            240          23052      -6209.580
            250          24019      -4380.399
            260          25019      -5877.892
            270          26019      -6027.363
            280          27019      -6381.908
            290          27936      -6483.070
            300          28910      -6491.277
            310          29910      -5539.371
            320          30866      -4934.802
            330          31866      -6253.147
            340          32799      -5695.978
            350          33782      -6106.345
            360          34782      -6240.997
            370          35734      -5763.902
            380          36702      -5660.202
            390          37696      -6944.132
            400          38687      -6470.943
            410          39687      -6541.583
            420          40687      -5940.375
            430          41687      -6356.684
            440          42687      -6581.067
            450          43687      -6200.642
            460          44687      -6238.458
            470          45687      -5305.769
            480          46687      -6441.390
            490          47564      -5871.548
            500          48550      -6042.867
            510          49550      -7071.334
            520          50514      -6724.121
            530          51511      -5497.666
            540          52511      -5741.623
            550          53465      -4899.927
            560          54390      -6422.461
            570          55365      -5985.712
            580          56365      -6646.057
            590          57365      -5606.705
            600          58322      -6386.941
            610          59322      -6211.493
            620          60322      -6930.610
            630          61322      -6690.930
            640          62322      -7601.550
            650          63322      -4934.802
            660          64322      -6743.452
            670          65322      -6087.040
            680          66281      -6260.653
            690          67281      -7292.351
            700          68281      -6270.522
            710          69268      -5816.083
            720          70267      -6647.383
            730          71267      -6384.151
            740          72260      -5633.410
            750          73260      -6036.510
            760          74260      -5564.899
            770          75209      -6580.061
            780          76209      -7881.000
            790          77209      -6399.474
            800          78209      -8149.229
            810          79157      -6033.212
            820          80157      -6388.890
            830          81157      -6231.950
            840          82094      -7047.630
            850          83058      -6281.813
            860          84058      -6938.698
            870          85010      -6345.475
            880          86010      -5576.975
            890          87010      -7395.210
            900          87990      -6308.697
            910          88984      -5311.691
            920          89970      -6800.690
            930          90913      -6020.529
            940          91913      -7508.565
            950          92913      -6362.344
            960          93913      -5148.698
            970          94842      -6455.073
            980          95833      -6433.595
            990          96833      -7032.214
           1000          97833      -6662.588
           1010          98833      -5360.637
           1020          99833      -6065.978
           1030         100799      -5259.528
           1040         101799      -6740.993
           1050         102799      -6386.781
           1060         103799      -4042.141
           1070         104799      -7582.922
           1080         105797      -5321.636
           1090         106762      -8555.874
           1100         107762      -6527.201
           1110         108679      -6044.407
           1120         109643      -6026.934
           1130         110596      -6722.624
           1140         111596      -7221.306
           1150         112596      -6030.784
           1160         113596      -4755.584
           1170         114540      -6364.081
           1180         115482      -4036.880
           1190         116457      -4663.496
           1200         117415      -6120.973
           1210         118415      -7098.037
           1220         119415      -4887.143
           1230         120392      -6934.141
           1240         121341      -6840.368
           1250         122251      -6221.485
           1260         123189      -5541.922
           1270         124131      -7946.304
           1280         125061      -6138.398
           1290         126018      -6274.381
           1300         126929      -6457.538
           1310         127857      -4933.456
           1320         128762      -5883.846
           1330         129669      -4965.626
           1340         130586      -5046.448
           1350         131389      -4436.085
           1360         132253      -4821.717
           1370         133134      -5258.639
           1380         134107      -5367.427
           1390         134931      -6037.423
           1400         135833      -4642.606
           1410         136753      -6448.390
           1420         137648      -5643.430
           1430         138519      -5882.914
           1440         139426      -4486.951
           1450         140335      -5860.157
           1460         141250      -5778.358
           1470         142176      -7519.224
           1480         143131      -5487.714
           1490         144033      -4934.652
           1500         144901      -2475.427
           1510         145808      -6300.316
           1520         146707      -7001.987
           1530         147595      -4971.944
           1540         148477      -5205.116
           1550         149390      -4068.812
           1560         150286      -6059.527
           1570         151197      -8351.281
           1580         152091      -5747.057
           1590         152920      -5308.305
           1600         153643      -2040.205
           1610         154533      -4577.936
           1620         155345      -2652.558
           1630         156140      -3535.053
           1640         157036      -3586.168
           1650         157748      -4335.705
           1660         158617      -4578.272
           1670         159434      -7478.430
           1680         160257      -3097.316
           1690         161167      -4719.848
           1700         161989      -2115.797
           1710         162785      -2474.756
           1720         163510      -4304.622
           1730         164316      -5082.402
           1740         165097      -3013.663
           1750         165982      -4838.036
           1760         166742      -7093.141
           1770         167418      -4367.798
           1780         168218      -4942.831
           1790         168907      -2228.051
           1800         169711      -5208.780
           1810         170589      -7355.196
           1820         171355      -5383.672
           1830         172079      -5593.350
           1840         172916      -2027.895
           1850         173679      -4398.239
           1860         174534      -3400.718
           1870         175427      -6100.953
           1880         176353      -2262.157
           1890         177128      -6805.095
           1900         177939      -3486.920
           1910         178651      -3617.528
           1920         179414      -4538.191
           1930         180181      -6157.673
           1940         180986      -4370.916
           1950         181774      -4564.459
           1960         182628      -3777.896
           1970         183397      -4890.671
           1980         184211      -4659.028
           1990         184990      -5430.379
           2000         185949      -2103.438
           2010         186849      -4413.356
           2020         187709      -4944.316
           2030         188501      -2145.875
           2040         189182      -4935.049
           2050         189965      -4295.463
           2060         190695      -4278.404
           2070         191503      -6039.817
           2080         192350      -4197.529
           2090         193164      -2843.167
           2100         193939      -3124.321
           2110         194748      -2085.994
           2120         195594      -2064.960
           2130         196398      -2084.951
           2140         197151      -2994.204
           2150         198023      -2736.527
           2160         198844      -4370.413
           2170         199609      -4467.907
           2180         200461      -4885.832
           2190         201406      -2192.482
           2200         202254      -5475.704
           2210         203037      -5086.404
           2220         203853      -4461.686
           2230         204650      -3672.434
           2240         205536      -5246.055
           2250         206229      -3928.058
           2260         207107      -3441.863
           2270         207866      -1954.333
           2280         208669      -5190.034
           2290         209479      -3518.896
           2300         210283      -2262.311
           2310         211035      -2540.191
           2320         211877      -2079.747
           2330         212593      -2565.450
           2340         213279      -3581.482
           2350         214052      -2238.013
           2360         214681      -2800.074
           2370         215502      -4485.849
           2380         216338      -3521.721
           2390         217213      -1805.994
           2400         218049      -3011.864
           2410         218953      -5000.797
           2420         219713      -2058.991
           2430         220703      -2663.884
           2440         221510      -1714.925
           2450         222478      -2292.107
           2460         223364      -2039.488
           2470         224210      -2006.444
           2480         225068      -1716.224
           2490         225957      -2547.198
           2500         226846      -3154.176
           2510         227735      -1740.885
           2520         228620      -2093.574
           2530         229494      -2869.988
           2540         230318      -2114.691
           2550         231216      -1701.558
           2560         232116      -2193.567
           2570         232973      -2942.899
           2580         233894      -2934.347
           2590         234781      -2310.636
           2600         235684      -3577.660
           2610         236479      -1584.853
           2620         237321      -3960.094
           2630         238252      -1308.163
           2640         239142      -1306.858
           2650         240074      -1280.016
           2660         240928      -1280.016
           2670         241785      -2817.077
           2680         242764      -1309.828
           2690         243616      -1280.306
           2700         244531      -1298.890
           2710         245461      -1286.814
           2720         246399      -1619.710
           2730         247117      -1619.710
           2740         248052      -1298.890
           2750         248946      -1298.890
           2760         249946      -1298.890
           2770         250862      -1298.890
           2780         251862      -1298.890
           2790         252801      -1298.890
           2800         253757      -1298.890
           2810         254596      -1280.016
           2820         255547      -1260.721
           2830         256478      -1252.630
           2840         257463      -1252.630
           2850         258463      -1290.449
           2860         259411      -1290.449
           2870         260368      -1290.449
           2880         261368      -1238.749
           2890         262368      -1239.125
           2900         263302      -1239.125
           2910         264140      -1239.125
           2920         265104      -1239.125
           2930         266104      -1239.125
           2940         266996      -1239.125
           2950         267922      -1239.125
           2960         268916      -1239.125
           2970         269796      -1228.956
           2980         270771      -1191.427
           2990         271702      -1239.125
           3000         272702      -1239.125
           3010         273643      -1239.125
           3020         274610      -1283.825
           3030         275564      -1211.749
           3040         276564      -1211.749
           3050         277485      -1218.676
           3060         278485      -1218.676
           3070         279422      -1191.427
           3080         280356      -1191.427
           3090         281356      -1191.427
           3100         282356      -1191.427
           3110         283356      -1191.427
           3120         284353      -1191.427
           3130         285353      -1191.427
           3140         286353      -1191.427
           3150         287353      -1191.427
           3160         288331      -1191.427
           3170         289331      -1273.381
           3180         290331      -1191.427
           3190         291247      -2783.538
           3200         292178      -1191.427
           3210         293178      -1191.427
           3220         294178      -1191.427
           3230         295132      -3494.766
           3240         296083      -1191.427
           3250         297083      -1191.427
           3260         298080      -1191.427
           3270         299080      -1191.427
           3280         299975      -1191.427
           3290         300909      -1239.125
           3300         301909      -1239.125
           3310         302909      -1239.125
           3320         303871      -1239.125
           3330         304807      -1191.427
           3340         305807      -1191.427
           3350         306740      -1191.427
           3360         307740      -1191.427
           3370         308698      -1191.427
           3380         309698      -1191.427
           3390         310698      -1191.427
           3400         311698      -1191.427
           3410         312698      -1191.427
           3420         313633      -1191.427
           3430         314600      -1191.427
           3440         315590      -1247.716
           3450         316589      -1212.412
           3460         317589      -1247.716
           3470         318568      -1247.716
           3480         319568      -1247.716
           3490         320568      -1212.412
           3500         321568      -1212.287
           3510         322550      -1201.496
           3520         323454      -1201.496
           3530         324386      -1256.152
           3540         325386      -1239.073
           3550         326324      -1239.073
           3560         327324      -1239.073
           3570         328324      -1239.073
           3580         329289      -1239.073
           3590         330219      -1287.804
           3600         331219      -1191.427
           3610         332156      -1191.427
           3620         333156      -1191.427
           3630         334111      -1191.427
           3640         335111      -1191.427
           3650         336111      -1191.427
           3660         337071      -1191.427
           3670         338024      -1312.737
           3680         338958      -1191.427
           3690         339958      -1247.716
           3700         340958      -1247.716
           3710         341958      -1247.716
           3720         342947      -1247.716
           3730         343852      -1239.073
           3740         344852      -1247.716
           3750         345811      -1247.716
           3760         346770      -1247.716
           3770         347770      -1247.716
           3780         348770      -1247.716
           3790         349770      -1247.716
           3800         350770      -1247.716
           3810         351754      -1247.716
           3820         352754      -1247.716
           3830         353754      -1191.427
           3840         354754      -1191.427
           3850         355754      -1191.427
           3860         356699      -1191.427
           3870         357699      -1191.427
           3880         358699      -1191.427
           3890         359699      -1191.427
           3900         360699      -1191.427
           3910         361640      -1191.427
           3920         362640      -1247.716
           3930         363640      -1247.716
           3940         364640      -1247.716
           3950         365576      -1212.412
           3960         366576      -1212.412
           3970         367528      -1212.412
           3980         368528      -1212.412
           3990         369456      -1249.876
           4000         370456      -1249.876
           4010         371423      -1191.427
           4020         372423      -1191.427
           4030         373423      -1265.538
           4040         374423      -1191.427
           4050         375423      -1191.427
           4060         376423      -1191.427
           4070         377423      -1191.427
           4080         378423      -1191.427
           4090         379423      -1191.427
           4100         380423      -1191.427
           4110         381423      -1191.427
           4120         382423      -1191.427
           4130         383423      -1191.427
           4140         384423      -1191.427
           4150         385311      -1191.427
           4160         386311      -1191.427
           4170         387311      -1191.427
           4180         388180      -1191.427
           4190         389180      -1191.427
           4200         390180      -1191.427
           4210         391180      -1191.427
           4220         391996      -1191.427
           4230         392996      -1247.716
           4240         393996      -1191.427
           4250         394996      -1191.427
           4260         395996      -1191.427
           4270         396996      -1191.427
           4280         397996      -1191.427
           4290         398996      -1191.427
           4300         399996      -1191.427
           4310         400996      -1211.749
           4320         401996      -1211.749
           4330         402996      -1211.749
           4340         403996      -1211.749
           4350         404996      -1191.427
           4360         405996      -1247.716
           4370         406996      -1191.427
           4380         407996      -1191.427
           4390         408996      -1191.427
           4400         409996      -1191.427
           4410         410996      -1191.427
           4420         411996      -1209.231
           4430         412996      -1191.427
           4440         413996      -1209.231
           4450         414996      -1191.427
           4460         415996      -1191.427
           4470         416996      -1247.716
           4480         417951      -1212.412
           4490         418951      -1247.716
           4500         419951      -1247.716
           4510         420951      -1247.716
           4520         421951      -1249.507
           4530         422951      -1247.716
           4540         423951      -1191.427
           4550         424882      -1191.427
           4560         425822      -1191.427
           4570         426822      -1273.381
           4580         427822      -1212.412
           4590         428822      -1212.412
           4600         429822      -1212.412
           4610         430822      -1212.412
           4620         431822      -1212.412
           4630         432822      -1191.427
           4640         433822      -1191.427
           4650         434781      -1191.427
           4660         435781      -1191.427
           4670         436781      -1191.427
           4680         437781      -1191.427
           4690         438781      -1191.427
           4700         439781      -1191.427
           4710         440781      -1191.427
           4720         441781      -1191.427
           4730         442781      -1191.427
           4740         443781      -1191.427
           4750         444781      -1191.427
           4760         445781      -1191.427
           4770         446781      -1191.427
           4780         447781      -1191.427
           4790         448781      -1191.427
           4800         449781      -1191.427
           4810         450781      -1191.427
           4820         451781      -1191.427
           4830         452781      -1191.427
           4840         453781      -1191.427
           4850         454781      -1191.427
           4860         455781      -1191.427
           4870         456728      -1191.427
           4880         457663      -1191.427
           4890         458663      -1191.427
           4900         459663      -1191.427
           4910         460599      -1191.427
           4920         461599      -1191.427
           4930         462599      -1191.427
           4940         463599      -1191.427
           4950         464599      -1191.427
           4960         465599      -1191.427
           4970         466599      -1191.427
           4980         467599      -1191.427
           4990         468599      -1191.427
           5000         469599      -1191.427
           5010         470599      -1191.427
           5020         471599      -1191.427
           5030         472549      -1191.427
           5040         473549      -1191.427
           5050         474549      -1191.427
           5060         475549      -1191.427
           5070         476549      -1191.427
           5080         477549      -1191.427
           5090         478549      -1191.427
           5100         479549      -1191.427
           5110         480549      -1191.427
           5120         481549      -1191.427
           5130         482549      -1191.427
           5140         483549      -1191.427
           5150         484549      -1191.427
           5160         485549      -1191.427
           5170         486549      -1191.427
           5180         487549      -1191.427
           5190         488549      -1191.427
           5200         489549      -1191.427
           5210         490549      -1191.427
           5220         491549      -1191.427
           5230         492549      -1191.427
           5240         493549      -1191.427
           5250         494549      -1191.427
           5260         495549      -1191.427
           5270         496549      -1191.427
           5280         497549      -1191.427
           5290         498549      -1191.427
           5300         499549      -1191.427
