             10            228      -1143.501
             20            519      -1420.647
             30           1119      -2600.666
             40           1729      -4845.294
             50           2597      -5831.298
             60           3356      -5361.392
             70           4118      -2649.141
             80           4983      -4744.623
             90           5830      -5961.622
            100           6687      -4934.802
            110           7527      -4724.029
            120           8379      -5450.473
            130           9243      -5508.351
            140          10173      -6253.569
            150          11100      -5776.973
            160          11990      -5707.380
            170          12792      -6298.115
            180          13656      -6376.944
            190          14583      -7012.673
            200          15446      -4805.118
            210          16424      -4934.802
            220          17297      -5692.006
            230          18146      -5235.130
            240          19005      -4638.080
            250          19952      -5607.417
            260          20803      -7298.299
            270          21628      -5767.785
            280          22588      -6181.923
            290          23581      -2489.578
            300          24475      -6296.718
            310          25382      -4939.097
            320          26296      -6412.082
            330          27163      -6445.774
            340          28090      -5017.018
            350          29021      -6279.470
            360          29846      -6133.941
            370          30769      -5620.985
            380          31483      -8058.095
            390          32189      -6599.187
            400          32955      -5786.841
            410          33797      -4966.431
            420          34587      -4127.759
            430          35470      -5548.999
            440          36354      -4995.187
            450          37088      -2337.088
            460          37757      -3218.849
            470          38602      -4597.187
            480          39405       -973.817
            490          40044      -4017.716
            500          40666      -5886.812
            510          41289      -3658.917
            520          42020      -2959.648
            530          42788      -4578.470
            540          43389      -4828.605
            550          43955       -951.587
            560          44581      -2466.249
            570          45208      -3955.028
            580          45943      -4185.861
            590          46546       -994.638
            600          47266      -1987.302
            610          47954      -3824.046
            620          48471       -737.293
            630          49186      -5312.338
            640          49898      -1858.598
            650          50519      -5743.313
            660          51120       -958.779
            670          51681      -2276.118
            680          52427      -2077.587
            690          53147      -2153.353
            700          53949      -5475.663
            710          54607      -2571.280
            720          55239      -3834.474
            730          55989      -2296.457
            740          56637      -5185.869
            750          57231      -3027.257
            760          57680      -1038.775
            770          58346      -5141.123
            780          59116       -904.126
            790          59716      -3027.403
            800          60261      -2044.335
            810          60753       -899.662
            820          61429      -6081.974
            830          62079       -868.680
            840          62463      -2333.722
            850          62818       -991.853
            860          63431       -812.365
            870          64175       -792.495
            880          64750       -861.616
            890          65334       -842.086
            900          65763       -947.358
            910          66204       -828.121
            920          66759       -851.245
            930          67368       -830.505
            940          67818      -2208.621
            950          68374      -4918.170
            960          68898      -1417.977
            970          69596      -2398.992
            980          70193       -952.075
            990          70633       -984.445
           1000          71193       -834.552
           1010          71845      -5998.726
           1020          72287      -4114.186
           1030          73014      -4045.264
           1040          73639      -2093.847
           1050          74444      -2009.587
           1060          74943      -3499.558
           1070          75529      -4913.548
           1080          76155      -3004.824
           1090          76625      -2033.948
           1100          77169      -3081.630
           1110          77666       -840.454
           1120          78087       -810.325
           1130          78641       -943.097
           1140          79173       -968.956
           1150          79832      -2221.377
           1160          80497       -828.700
           1170          80965       -832.557
           1180          81493      -3849.722
           1190          82020      -1892.762
           1200          82607       -780.938
           1210          83220       -851.877
           1220          83721       -684.024
           1230          84337       -799.109
           1240          84871       -942.285
           1250          85472       -913.110
           1260          86058      -3532.608
           1270          86749      -1964.304
           1280          87455      -1716.332
           1290          88136      -1924.057
           1300          88632       -890.533
           1310          89323      -3358.088
           1320          89803      -5638.770
           1330          90368       -949.580
           1340          90817      -3781.079
           1350          91383       -677.590
           1360          92143      -4592.375
           1370          92708       -881.411
           1380          93322      -1115.379
           1390          93817      -2283.889
           1400          94506       -991.806
           1410          95163      -1033.360
           1420          95826      -2947.182
           1430          96693      -2337.249
           1440          97208       -850.241
           1450          97863       -745.506
           1460          98454      -2175.439
           1470          99073       -826.713
           1480          99679       -599.580
           1490         100599       -508.864
           1500         101301       -498.979
           1510         102233       -498.979
           1520         102976       -498.979
           1530         103785       -498.979
           1540         104567       -498.979
           1550         105452       -498.979
           1560         106271       -498.979
           1570         107241       -498.979
           1580         108178       -578.472
           1590         109175       -620.620
           1600         109828       -851.369
           1610         110750       -517.793
           1620         111657       -498.979
           1630         112469       -498.979
           1640         113322       -498.979
           1650         114312       -498.979
           1660         115312       -517.386
           1670         116176       -517.386
           1680         117102       -535.860
           1690         118102       -544.697
           1700         119002       -508.868
           1710         119825       -491.216
           1720         120638       -498.979
           1730         121495       -498.979
           1740         122328       -544.697
           1750         123034       -498.979
           1760         123968       -544.697
           1770         124872       -498.979
           1780         125794       -498.979
           1790         126726       -498.979
           1800         127726       -498.979
           1810         128659       -511.033
           1820         129584       -545.249
           1830         130539       -739.152
           1840         131406       -498.835
           1850         132265       -575.475
           1860         133154       -536.108
           1870         134080       -536.108
           1880         135080       -535.860
           1890         135992       -498.835
           1900         136959       -516.511
           1910         137813       -560.886
           1920         138813       -548.813
           1930         139813       -500.442
           1940         140797       -500.442
           1950         141753       -500.442
           1960         142601       -500.442
           1970         143523       -500.442
           1980         144447       -500.442
           1990         145447       -500.442
           2000         146382       -500.442
           2010         147224       -500.442
           2020         147971       -500.442
           2030         148821       -500.442
           2040         149748       -536.272
           2050         150736       -547.350
           2060         151671       -519.118
           2070         152671       -508.864
           2080         153620       -513.872
           2090         154620       -513.872
           2100         155544       -655.300
           2110         156321       -511.545
           2120         157321       -511.682
           2130         158321       -542.368
           2140         159153       -523.971
           2150         160153       -511.579
           2160         161080       -546.480
           2170         161984       -558.423
           2180         162984       -546.947
           2190         163984       -517.370
           2200         164984       -509.932
           2210         165984       -500.442
           2220         166984       -500.442
           2230         167984       -500.442
           2240         168984       -500.442
           2250         169984       -500.442
           2260         170935       -498.835
           2270         171868       -535.860
           2280         172868       -535.860
           2290         173868       -498.979
           2300         174868       -498.979
           2310         175868       -498.979
           2320         176838       -537.292
           2330         177838       -537.292
           2340         178838       -537.292
           2350         179795       -491.216
           2360         180782       -491.216
           2370         181782       -498.979
           2380         182752       -498.979
           2390         183677       -569.347
           2400         184677       -498.979
           2410         185677       -498.979
           2420         186673       -498.979
           2430         187604       -498.979
           2440         188604       -498.979
           2450         189604       -498.979
           2460         190581       -498.979
           2470         191581       -498.979
           2480         192581       -498.979
           2490         193447       -498.979
           2500         194384       -498.979
           2510         195281       -498.979
           2520         196281       -498.979
           2530         197281       -544.697
           2540         198207       -498.979
           2550         199153       -500.442
           2560         200153       -500.442
           2570         201153       -544.697
           2580         202153       -491.216
           2590         203153       -498.979
           2600         204153       -544.697
           2610         205104       -498.979
           2620         206028       -498.979
           2630         207028       -498.979
           2640         207913       -498.979
           2650         208871       -572.922
           2660         209803       -500.442
           2670         210743       -500.442
           2680         211743       -500.442
           2690         212743       -500.442
           2700         213743       -500.442
           2710         214743       -500.442
           2720         215699       -544.697
           2730         216699       -500.442
           2740         217621       -500.442
           2750         218621       -500.442
           2760         219621       -500.442
           2770         220549       -572.922
           2780         221549       -500.442
           2790         222492       -500.442
           2800         223492       -500.442
           2810         224492       -511.085
           2820         225492       -511.085
           2830         226480       -500.442
           2840         227480       -500.442
           2850         228480       -498.979
           2860         229480       -498.979
           2870         230480       -498.979
           2880         231480       -500.442
           2890         232480       -511.033
           2900         233480       -498.979
           2910         234480       -498.979
           2920         235394       -498.979
           2930         236394       -498.979
           2940         237394       -498.979
           2950         238366       -511.033
           2960         239366       -498.979
           2970         240366       -569.347
           2980         241291       -498.979
           2990         242291       -498.979
           3000         243291       -498.979
           3010         244291       -498.979
           3020         245291       -498.979
           3030         246291       -491.216
           3040         247291       -491.216
           3050         248290       -498.979
           3060         249290       -498.979
           3070         250234       -498.979
           3080         251234       -544.697
           3090         252234       -498.979
           3100         253234       -544.697
           3110         254234       -544.697
           3120         255234       -498.979
           3130         256234       -572.922
           3140         257160       -544.697
           3150         258160       -537.292
           3160         259160       -519.689
           3170         260134       -498.979
           3180         261134       -498.979
           3190         262134       -498.979
           3200         263134       -498.979
           3210         264134       -498.979
           3220         265134       -498.979
           3230         266134       -498.979
           3240         267134       -498.979
           3250         268134       -498.979
           3260         269134       -498.979
           3270         270134       -498.979
           3280         271134       -498.979
           3290         272134       -498.979
           3300         273074       -498.979
           3310         274074       -498.979
           3320         275074       -498.979
           3330         276074       -498.979
           3340         277074       -498.979
           3350         278074       -498.979
           3360         279074       -498.979
           3370         280052       -498.979
           3380         281052       -498.979
           3390         282052       -498.979
           3400         283052       -498.979
           3410         284052       -498.979
           3420         285052       -498.979
           3430         286052       -544.697
           3440         287052       -500.442
           3450         288052       -500.442
           3460         289052       -500.442
           3470         290052       -498.979
           3480         291052       -498.979
           3490         292052       -498.979
           3500         293052       -498.979
           3510         294052       -498.979
           3520         295052       -491.216
           3530         296052       -498.979
           3540         297052       -534.271
           3550         298052       -491.216
           3560         299052       -491.216
           3570         300052       -498.979
           3580         301052       -498.979
           3590         302052       -498.979
           3600         302990       -498.979
           3610         303990       -500.442
           3620         304990       -498.979
           3630         305990       -498.979
           3640         306990       -498.979
           3650         307990       -491.216
           3660         308990       -491.216
           3670         309990       -491.216
           3680         310990       -491.216
           3690         311990       -498.979
           3700         312990       -498.979
           3710         313990       -498.979
           3720         314990       -498.979
           3730         315990       -498.979
           3740         316990       -498.979
           3750         317990       -498.979
           3760         318990       -498.979
           3770         319990       -498.979
           3780         320990       -544.697
           3790         321990       -498.979
           3800         322990       -498.979
           3810         323990       -498.979
           3820         324990       -498.979
           3830         325990       -498.979
           3840         326990       -498.979
           3850         327990       -498.979
           3860         328990       -498.979
           3870         329990       -498.979
           3880         330990       -498.979
           3890         331990       -498.979
           3900         332911       -498.979
           3910         333911       -498.979
           3920         334911       -498.979
           3930         335911       -498.979
           3940         336911       -498.979
           3950         337911       -498.979
           3960         338911       -498.979
           3970         339911       -498.979
           3980         340911       -498.979
           3990         341911       -498.979
           4000         342911       -498.979
           4010         343911       -498.979
           4020         344911       -498.979
           4030         345911       -498.979
           4040         346911       -498.979
           4050         347911       -498.979
           4060         348911       -498.979
           4070         349911       -498.979
           4080         350911       -498.979
           4090         351911       -498.979
           4100         352911       -498.979
           4110         353911       -498.979
           4120         354911       -498.979
           4130         355911       -498.979
           4140         356911       -498.979
           4150         357911       -498.979
           4160         358911       -498.979
           4170         359911       -498.979
           4180         360911       -498.979
           4190         361911       -498.979
           4200         362911       -498.979
           4210         363911       -500.442
           4220         364911       -498.979
           4230         365911       -498.979
           4240         366911       -498.979
           4250         367911       -498.979
           4260         368911       -498.979
           4270         369911       -498.979
           4280         370911       -544.697
           4290         371911       -498.979
           4300         372911       -498.979
           4310         373911       -498.979
           4320         374911       -498.979
           4330         375911       -498.979
           4340         376911       -498.979
           4350         377911       -569.347
           4360         378911       -511.033
           4370         379911       -500.442
           4380         380911       -500.442
           4390         381911       -500.442
           4400         382911       -500.442
           4410         383911       -500.442
           4420         384833       -500.442
           4430         385833       -498.979
           4440         386833       -498.979
           4450         387833       -498.979
           4460         388833       -569.347
           4470         389833       -569.347
           4480         390833       -498.979
           4490         391833       -498.979
           4500         392833       -498.979
           4510         393833       -498.979
           4520         394833       -498.979
           4530         395833       -498.979
           4540         396833       -498.979
           4550         397833       -498.979
           4560         398833       -498.979
           4570         399833       -498.979
           4580         400833       -498.979
           4590         401833       -498.979
           4600         402833       -498.979
           4610         403833       -498.979
           4620         404833       -498.979
           4630         405833       -498.979
           4640         406833       -498.979
           4650         407833       -498.979
           4660         408833       -498.979
           4670         409833       -498.979
           4680         410833       -544.697
           4690         411833       -498.979
           4700         412833       -498.979
           4710         413833       -498.979
           4720         414833       -498.979
           4730         415833       -498.979
           4740         416833       -544.697
           4750         417833       -498.979
           4760         418833       -498.979
           4770         419833       -498.979
           4780         420833       -498.979
           4790         421833       -498.979
           4800         422833       -498.979
           4810         423833       -498.979
           4820         424833       -498.979
           4830         425833       -498.979
           4840         426833       -498.979
           4850         427833       -498.979
           4860         428833       -498.979
           4870         429833       -498.979
           4880         430833       -498.979
           4890         431833       -498.979
           4900         432833       -498.979
           4910         433833       -498.979
           4920         434833       -498.979
           4930         435833       -498.979
           4940         436833       -498.979
           4950         437833       -498.979
           4960         438833       -498.979
           4970         439833       -498.979
           4980         440833       -498.979
           4990         441833       -498.979
           5000         442833       -498.979
           5010         443833       -498.979
           5020         444833       -498.979
           5030         445833       -498.979
           5040         446833       -498.979
           5050         447833       -498.979
           5060         448833       -498.979
           5070         449833       -498.979
           5080         450833       -498.979
           5090         451833       -498.979
           5100         452833       -498.979
           5110         453833       -498.979
           5120         454833       -498.979
           5130         455833       -498.979
           5140         456833       -498.979
           5150         457833       -498.979
           5160         458833       -498.979
           5170         459833       -498.979
           5180         460833       -498.979
           5190         461833       -498.979
           5200         462833       -498.979
           5210         463833       -498.979
           5220         464833       -498.979
           5230         465833       -498.979
           5240         466833       -498.979
           5250         467833       -498.979
           5260         468833       -498.979
           5270         469833       -498.979
           5280         470833       -498.979
           5290         471833       -498.979
           5300         472833       -498.979
           5310         473833       -498.979
           5320         474833       -498.979
           5330         475833       -498.979
           5340         476833       -498.979
           5350         477833       -498.979
           5360         478833       -498.979
           5370         479833       -498.979
           5380         480833       -498.979
           5390         481833       -498.979
           5400         482833       -498.979
           5410         483833       -498.979
           5420         484833       -498.979
           5430         485833       -498.979
           5440         486833       -498.979
           5450         487833       -498.979
           5460         488833       -498.979
           5470         489833       -498.979
           5480         490833       -498.979
           5490         491833       -498.979
           5500         492833       -498.979
           5510         493833       -498.979
           5520         494833       -498.979
           5530         495833       -498.979
           5540         496833       -498.979
           5550         497833       -498.979
           5560         498833       -498.979
           5570         499833       -498.979
