             10            491      -4118.996
             20           1196      -2192.278
             30           1914      -5914.663
             40           2593      -4627.902
             50           3445      -2736.483
             60           4307      -5692.970
             70           4985      -5778.242
             80           5912      -4351.079
             90           6849      -5495.021
            100           7752      -5206.929
            110           8734      -5108.258
            120           9653      -4871.965
            130          10557      -6063.268
            140          11522      -5940.698
            150          12315      -5945.801
            160          13269      -2606.586
            170          14261      -6196.533
            180          15261      -5575.889
            190          16261      -5679.086
            200          17261      -4497.007
            210          18208      -4484.869
            220          19155      -5464.880
            230          20111      -5521.102
            240          21077      -7077.634
            250          22037      -6111.969
            260          22987      -6349.697
            270          23917      -2975.143
            280          24895      -5395.356
            290          25889      -9668.369
            300          26831      -3152.764
            310          27750      -5943.808
            320          28711      -4600.228
            330          29653      -6266.729
            340          30653      -5149.170
            350          31590      -6033.532
            360          32439      -6058.546
            370          33439      -5740.942
            380          34343      -7855.787
            390          35312      -7052.480
            400          36312      -7091.903
            410          37262      -7897.896
            420          38262      -5430.062
            430          39173      -3545.823
            440          40009      -5860.163
            450          40953      -5591.605
            460          41953      -8527.260
            470          42904      -6680.986
            480          43904      -6239.495
            490          44904      -6300.857
            500          45885      -6100.428
            510          46811      -6361.684
            520          47777       -853.604
            530          48692      -6247.154
            540          49609      -5438.256
            550          50609      -5505.934
            560          51378      -6893.016
            570          52299      -4940.651
            580          53299      -5921.716
            590          54274      -6185.145
            600          55119      -2669.375
            610          56048      -2509.148
            620          56935      -6100.881
            630          57935       -867.875
            640          58813      -2539.812
            650          59721      -6442.749
            660          60664      -5431.960
            670          61225      -4329.052
            680          62032      -1139.545
            690          62888       -937.548
            700          63605      -2927.447
            710          64353      -6159.827
            720          65034      -2895.786
            730          65815      -6879.573
            740          66511      -6015.090
            750          67233      -5716.620
            760          67963      -2535.394
            770          68963      -5339.589
            780          69775      -5266.107
            790          70498      -6261.888
            800          71237       -963.614
            810          71752       -857.782
            820          72468       -950.234
            830          73191       -912.506
            840          73863       -878.119
            850          74418       -861.077
            860          75128      -6441.850
            870          75873       -851.105
            880          76529      -2351.071
            890          77410      -3103.384
            900          78074       -823.028
            910          78680       -844.996
            920          79326      -1004.671
            930          79988      -4000.692
            940          80685       -863.522
            950          81128       -952.519
            960          81715       -964.938
            970          82267       -949.956
            980          82859      -3462.307
            990          83561      -2460.253
           1000          84147      -4926.500
           1010          84759      -2293.986
           1020          85240       -833.770
           1030          85842       -957.806
           1040          86465       -888.669
           1050          87062       -911.815
           1060          87633       -902.264
           1070          88100       -941.953
           1080          88644       -893.840
           1090          89213       -890.777
           1100          89844       -894.033
           1110          90513       -924.005
           1120          91127       -950.646
           1130          91814       -945.936
           1140          92412      -4285.710
           1150          93124       -949.633
           1160          93729      -2051.408
           1170          94165      -1201.797
           1180          94814       -885.783
           1190          95332       -863.915
           1200          95862      -1078.525
           1210          96613       -894.697
           1220          97100       -879.690
           1230          97697       -905.472
           1240          98189       -892.944
           1250          99003       -914.231
           1260          99543      -1325.713
           1270         100189      -2433.127
           1280         100696      -4917.653
           1290         101398      -2137.757
           1300         102090       -883.185
           1310         102637       -846.453
           1320         103390      -2850.092
           1330         103966      -2324.073
           1340         104628      -5022.288
           1350         105226       -885.356
           1360         106118       -909.162
           1370         106775       -892.559
           1380         107527      -2315.115
           1390         108202       -896.713
           1400         108885       -846.940
           1410         109622       -887.737
           1420         110418       -914.382
           1430         110984       -968.114
           1440         111676       -925.778
           1450         112356       -942.874
           1460         113091       -917.597
           1470         113843       -865.531
           1480         114502       -584.524
           1490         115276      -4777.627
           1500         115915       -623.514
           1510         116538      -1099.340
           1520         117084       -678.396
           1530         117866       -948.378
           1540         118656      -3925.343
           1550         119418      -1023.465
           1560         120121       -942.819
           1570         120780       -614.278
           1580         121483       -932.774
           1590         122221       -942.274
           1600         123110       -626.803
           1610         123933       -916.645
           1620         124809       -602.629
           1630         125664       -572.542
           1640         126519       -843.352
           1650         127423       -563.326
           1660         128298       -563.326
           1670         129178       -563.326
           1680         130112       -563.326
           1690         130978       -563.326
           1700         131946       -563.326
           1710         132866       -563.326
           1720         133795       -563.326
           1730         134727       -580.542
           1740         135701       -563.326
           1750         136625       -563.326
           1760         137466       -563.326
           1770         138444       -563.326
           1780         139375       -563.326
           1790         140337       -593.897
           1800         141238       -573.613
           1810         142097       -573.613
           1820         143007       -573.613
           1830         143947       -573.613
           1840         144947       -573.613
           1850         145846       -563.326
           1860         146846       -563.326
           1870         147827       -563.326
           1880         148827       -563.326
           1890         149827       -563.326
           1900         150785       -563.326
           1910         151785       -563.326
           1920         152675       -563.326
           1930         153675       -563.326
           1940         154675       -563.326
           1950         155671       -580.542
           1960         156598       -563.326
           1970         157552       -563.326
           1980         158465       -563.326
           1990         159465       -563.326
           2000         160310       -563.326
           2010         161310       -563.326
           2020         162247       -563.326
           2030         163206       -590.202
           2040         164133       -590.202
           2050         165080       -586.356
           2060         165986       -573.613
           2070         166986       -563.326
           2080         167966       -563.326
           2090         168966       -563.326
           2100         169966       -563.326
           2110         170966       -611.924
           2120         171966       -563.326
           2130         172854       -590.253
           2140         173752       -563.326
           2150         174678       -563.326
           2160         175678       -563.326
           2170         176617       -563.326
           2180         177573       -563.326
           2190         178478       -563.326
           2200         179424       -563.326
           2210         180386       -563.326
           2220         181353       -563.326
           2230         182353       -563.326
           2240         183325       -563.326
           2250         184325       -563.326
           2260         185258       -563.326
           2270         186258       -563.326
           2280         187199       -563.326
           2290         188147       -580.542
           2300         189072       -563.326
           2310         190033       -563.326
           2320         191018       -580.542
           2330         192018       -563.326
           2340         192975       -563.326
           2350         193975       -580.542
           2360         194911       -573.613
           2370         195911       -590.253
           2380         196894       -563.326
           2390         197894       -590.253
           2400         198894       -584.928
           2410         199739       -563.326
           2420         200717       -611.394
           2430         201621       -611.924
           2440         202560       -581.506
           2450         203520       -581.881
           2460         204492       -581.881
           2470         205492       -619.145
           2480         206455       -572.979
           2490         207455       -615.594
           2500         208416       -593.193
           2510         209410       -593.193
           2520         210374       -563.326
           2530         211374       -563.326
           2540         212329       -563.326
           2550         213300       -563.326
           2560         214279       -563.326
           2570         215129       -563.326
           2580         216129       -563.326
           2590         217055       -563.326
           2600         218011       -600.996
           2610         218957       -580.542
           2620         219957       -580.542
           2630         220957       -580.542
           2640         221839       -563.326
           2650         222839       -563.326
           2660         223779       -563.326
           2670         224771       -563.326
           2680         225708       -563.326
           2690         226708       -563.326
           2700         227640       -563.326
           2710         228592       -563.326
           2720         229589       -563.326
           2730         230589       -563.326
           2740         231586       -580.542
           2750         232497       -563.326
           2760         233497       -563.326
           2770         234460       -563.326
           2780         235460       -563.326
           2790         236384       -563.326
           2800         237332       -597.996
           2810         238332       -563.326
           2820         239332       -563.326
           2830         240332       -563.326
           2840         241239       -584.458
           2850         242239       -584.458
           2860         243239       -584.458
           2870         244232       -584.458
           2880         245232       -563.326
           2890         246165       -563.326
           2900         247165       -563.326
           2910         248128       -563.326
           2920         249109       -563.326
           2930         250109       -563.326
           2940         251109       -563.326
           2950         252085       -597.996
           2960         253034       -563.326
           2970         254034       -563.326
           2980         254963       -563.326
           2990         255941       -563.326
           3000         256926       -563.326
           3010         257893       -597.996
           3020         258893       -597.996
           3030         259893       -582.877
           3040         260830       -600.996
           3050         261830       -600.996
           3060         262830       -600.996
           3070         263830       -600.996
           3080         264830       -645.118
           3090         265780       -580.542
           3100         266778       -580.542
           3110         267778       -580.542
           3120         268769       -600.996
           3130         269694       -600.996
           3140         270694       -600.996
           3150         271694       -581.506
           3160         272694       -581.506
           3170         273694       -573.667
           3180         274694       -602.287
           3190         275694       -594.340
           3200         276694       -602.287
           3210         277694       -602.287
           3220         278694       -602.287
           3230         279694       -581.506
           3240         280694       -581.506
           3250         281694       -581.506
           3260         282694       -580.542
           3270         283694       -580.542
           3280         284694       -597.996
           3290         285694       -563.326
           3300         286659       -563.326
           3310         287659       -563.326
           3320         288585       -563.326
           3330         289585       -563.326
           3340         290585       -563.326
           3350         291585       -563.326
           3360         292585       -563.326
           3370         293585       -563.326
           3380         294585       -563.326
           3390         295585       -563.326
           3400         296532       -563.326
           3410         297532       -563.326
           3420         298532       -597.996
           3430         299532       -563.326
           3440         300484       -563.326
           3450         301484       -563.326
           3460         302484       -563.326
           3470         303484       -563.326
           3480         304484       -563.326
           3490         305484       -563.326
           3500         306484       -563.326
           3510         307484       -563.326
           3520         308484       -563.326
           3530         309484       -563.326
           3540         310484       -563.326
           3550         311484       -563.326
           3560         312484       -563.326
           3570         313484       -563.326
           3580         314425       -563.326
           3590         315362       -563.326
           3600         316362       -563.326
           3610         317362       -563.326
           3620         318362       -563.326
           3630         319362       -563.326
           3640         320362       -563.326
           3650         321362       -563.326
           3660         322288       -563.326
           3670         323288       -563.326
           3680         324214       -563.326
           3690         325142       -563.326
           3700         326142       -563.326
           3710         327142       -563.326
           3720         328142       -563.326
           3730         329142       -563.326
           3740         330142       -563.326
           3750         331142       -563.326
           3760         332142       -563.326
           3770         333142       -563.326
           3780         334142       -563.326
           3790         335142       -563.326
           3800         336131       -563.326
           3810         337131       -563.326
           3820         338060       -563.326
           3830         339060       -563.326
           3840         340060       -563.326
           3850         341060       -563.326
           3860         342060       -563.326
           3870         343060       -563.326
           3880         344060       -563.326
           3890         345060       -563.326
           3900         346060       -563.326
           3910         347060       -563.326
           3920         348060       -563.326
           3930         349060       -563.326
           3940         350060       -563.326
           3950         351060       -563.326
           3960         352060       -563.326
           3970         353060       -563.326
           3980         354060       -563.326
           3990         355060       -563.326
           4000         356060       -563.326
           4010         357060       -563.326
           4020         358060       -563.326
           4030         359060       -563.326
           4040         360060       -563.326
           4050         361060       -563.326
           4060         362060       -563.326
           4070         363060       -563.326
           4080         364060       -592.038
           4090         365060       -592.038
           4100         366060       -592.038
           4110         367060       -592.038
           4120         368060       -592.038
           4130         369060       -592.038
           4140         370060       -592.038
           4150         371060       -582.654
           4160         372060       -592.038
           4170         373060       -592.038
           4180         374060       -592.038
           4190         375047       -563.326
           4200         376047       -563.326
           4210         377047       -563.326
           4220         378047       -563.326
           4230         379047       -563.326
           4240         380047       -563.326
           4250         381047       -563.326
           4260         382047       -563.326
           4270         383047       -563.326
           4280         384047       -563.326
           4290         385047       -563.326
           4300         386047       -563.326
           4310         387047       -563.326
           4320         388047       -563.326
           4330         389047       -563.326
           4340         390047       -563.326
           4350         391047       -563.326
           4360         392047       -563.326
           4370         393047       -601.686
           4380         394047       -563.326
           4390         395047       -563.326
           4400         396047       -563.326
           4410         397047       -563.326
           4420         398047       -580.542
           4430         399047       -580.542
           4440         400047       -580.542
           4450         401047       -580.542
           4460         402047       -591.618
           4470         403047       -581.506
           4480         404047       -563.326
           4490         405047       -573.613
           4500         406047       -573.613
           4510         407047       -573.613
           4520         408047       -573.613
           4530         408973       -573.613
           4540         409973       -573.613
           4550         410973       -573.613
           4560         411973       -573.613
           4570         412973       -573.613
           4580         413973       -573.613
           4590         414973       -573.613
           4600         415973       -573.613
           4610         416927       -563.326
           4620         417927       -563.326
           4630         418927       -563.326
           4640         419927       -563.326
           4650         420927       -581.506
           4660         421927       -581.506
           4670         422927       -581.506
           4680         423927       -581.506
           4690         424927       -581.506
           4700         425927       -581.506
           4710         426927       -581.506
           4720         427927       -610.627
           4730         428927       -581.506
           4740         429927       -581.506
           4750         430927       -572.979
           4760         431927       -572.979
           4770         432927       -572.979
           4780         433927       -572.979
           4790         434927       -572.979
           4800         435927       -581.506
           4810         436927       -581.506
           4820         437927       -581.506
           4830         438927       -581.506
           4840         439927       -563.326
           4850         440927       -563.326
           4860         441927       -563.326
           4870         442927       -563.326
           4880         443927       -563.326
           4890         444927       -563.326
           4900         445927       -563.326
           4910         446927       -563.326
           4920         447927       -563.326
           4930         448927       -563.326
           4940         449927       -563.326
           4950         450927       -563.326
           4960         451927       -563.326
           4970         452927       -563.326
           4980         453927       -563.326
           4990         454927       -563.326
           5000         455927       -563.326
           5010         456927       -563.326
           5020         457927       -563.326
           5030         458927       -563.326
           5040         459927       -563.326
           5050         460927       -563.326
           5060         461927       -581.506
           5070         462927       -581.506
           5080         463927       -581.506
           5090         464927       -581.506
           5100         465927       -581.506
           5110         466927       -599.808
           5120         467927       -563.326
           5130         468927       -563.326
           5140         469927       -563.326
           5150         470927       -563.326
           5160         471927       -563.326
           5170         472927       -563.326
           5180         473927       -563.326
           5190         474927       -563.326
           5200         475927       -563.326
           5210         476927       -563.326
           5220         477927       -563.326
           5230         478927       -563.326
           5240         479927       -563.326
           5250         480927       -563.326
           5260         481927       -563.326
           5270         482927       -563.326
           5280         483927       -563.326
           5290         484927       -563.326
           5300         485927       -563.326
           5310         486927       -563.326
           5320         487927       -563.326
           5330         488927       -563.326
           5340         489927       -563.326
           5350         490927       -563.326
           5360         491927       -563.326
           5370         492927       -563.326
           5380         493927       -563.326
           5390         494927       -563.326
           5400         495927       -563.326
           5410         496927       -563.326
           5420         497927       -563.326
           5430         498927       -563.326
           5440         499927       -563.326
