             10            882      -4934.802
             20           1696      -3569.555
             30           2622      -4121.639
             40           3508      -5624.144
             50           4339      -5453.325
             60           5318      -5951.973
             70           6226      -6343.690
             80           7111      -5498.327
             90           8026      -4934.802
            100           8967      -5237.146
            110           9874      -5955.052
            120          10874      -6458.857
            130          11765      -4934.802
            140          12732      -4902.925
            150          13606      -6665.404
            160          14568      -6223.689
            170          15498      -5746.087
            180          16470      -5579.419
            190          17455      -4152.748
            200          18428      -4934.802
            210          19352      -6445.756
            220          20334      -4402.988
            230          21310      -5134.296
            240          22310      -4593.706
            250          23232      -4954.572
            260          24175      -5874.814
            270          25168      -5841.682
            280          26153      -6871.922
            290          27080      -6224.795
            300          28080      -4934.802
            310          29050      -6896.793
            320          30033      -5954.548
            330          31033      -6398.972
            340          31951      -6401.648
            350          32923      -6627.407
            360          33828      -6243.817
            370          34828      -4995.394
            380          35767      -7301.442
            390          36738      -5352.491
            400          37596      -5415.127
            410          38573      -4154.134
            420          39549      -5447.804
            430          40549      -5666.369
            440          41538      -5241.727
            450          42493      -6910.868
            460          43493      -7206.068
            470          44435      -6776.034
            480          45407      -7303.202
            490          46338      -7140.341
            500          47338      -5799.078
            510          48338      -7166.289
            520          49326      -7218.949
            530          50307      -5345.343
            540          51257      -6446.122
            550          52247      -6676.000
            560          53217      -7254.795
            570          54183      -6408.894
            580          55183      -6015.111
            590          56159      -5753.409
            600          57095      -8345.146
            610          58010      -5179.135
            620          58886      -6415.031
            630          59886      -7684.396
            640          60839      -5714.889
            650          61723      -8110.840
            660          62575      -6525.423
            670          63434      -6605.327
            680          64401      -5579.131
            690          65313      -6103.150
            700          66286      -7552.489
            710          67165      -3331.209
            720          68103      -6780.118
            730          69103      -5854.546
            740          70023      -7704.558
            750          71023      -5278.533
            760          71909      -6028.255
            770          72804      -5794.873
            780          73644      -6375.053
            790          74522      -6775.711
            800          75340      -5766.961
            810          76272      -6823.615
            820          77151      -6927.065
            830          78011      -3798.692
            840          79002      -5695.229
            850          79844      -5910.619
            860          80639      -5160.828
            870          81605      -6518.390
            880          82479      -4242.841
            890          83405      -3206.389
            900          84359      -3705.972
            910          85284      -5723.620
            920          86097      -5304.810
            930          86923      -5764.202
            940          87651      -4593.339
            950          88513      -7698.739
            960          89500      -4972.779
            970          90440      -5484.484
            980          91348      -6012.722
            990          92297      -6409.182
           1000          93191      -6936.777
           1010          94156      -6106.800
           1020          95108      -6411.214
           1030          95904      -6059.177
           1040          96818      -5770.294
           1050          97678      -5633.328
           1060          98628      -5099.571
           1070          99453      -5447.578
           1080         100377      -5599.597
           1090         101331      -5267.933
           1100         102206      -4565.386
           1110         103125      -4988.176
           1120         104071      -3292.640
           1130         104944      -4934.802
           1140         105686      -5388.789
           1150         106610      -5682.516
           1160         107550      -4482.796
           1170         108477      -3302.302
           1180         109238      -5007.180
           1190         110224      -6380.864
           1200         111056      -3648.904
           1210         111928      -6112.401
           1220         112764      -4163.810
           1230         113654      -6008.806
           1240         114516      -4306.943
           1250         115300      -4192.035
           1260         116101      -5652.082
           1270         116937      -3863.537
           1280         117796      -5095.454
           1290         118581      -2347.847
           1300         119446      -3583.511
           1310         120183      -2545.174
           1320         121099      -2690.915
           1330         122010      -4253.433
           1340         122959      -2190.737
           1350         123772      -4783.956
           1360         124533      -4550.560
           1370         125155      -3707.555
           1380         125903      -4090.417
           1390         126785      -6580.487
           1400         127636      -4113.439
           1410         128401      -4934.802
           1420         129244      -5131.684
           1430         129995      -3520.622
           1440         130768      -5498.639
           1450         131563      -4451.892
           1460         132413      -5063.347
           1470         133273      -4554.037
           1480         134097      -4481.080
           1490         134996      -4327.525
           1500         135870      -5257.889
           1510         136670      -2198.833
           1520         137521      -2574.099
           1530         138153      -5123.183
           1540         139069      -5393.065
           1550         139799      -2725.687
           1560         140536      -4347.784
           1570         141308      -3002.060
           1580         142110      -6177.552
           1590         142874      -5711.801
           1600         143717      -2633.222
           1610         144517      -4604.696
           1620         145318      -6346.441
           1630         146148      -2001.773
           1640         146963      -2616.067
           1650         147690      -4777.228
           1660         148395      -5640.008
           1670         149257      -5643.510
           1680         150006      -2461.039
           1690         150833      -5248.077
           1700         151585      -4277.697
           1710         152310      -2655.535
           1720         153144      -5263.908
           1730         153882      -5320.455
           1740         154698      -2197.483
           1750         155484      -3304.956
           1760         156303      -5659.539
           1770         157121      -2088.307
           1780         158004      -1974.581
           1790         158725      -6394.596
           1800         159569      -2024.711
           1810         160439      -4084.078
           1820         161204      -4052.404
           1830         161963      -2649.529
           1840         162804      -2339.841
           1850         163518      -5407.342
           1860         164137      -5550.280
           1870         164930      -3188.333
           1880         165682      -2196.023
           1890         166421      -2159.885
           1900         167160      -1866.248
           1910         167926      -4269.539
           1920         168731      -2148.783
           1930         169560      -7660.286
           1940         170082      -2469.302
           1950         170745      -4914.203
           1960         171516      -2470.459
           1970         172232      -3093.973
           1980         173121      -2344.472
           1990         173922      -3142.484
           2000         174637      -6438.796
           2010         175512      -4810.053
           2020         176285      -3392.307
           2030         177022      -2817.280
           2040         177871      -3460.049
           2050         178687      -3059.159
           2060         179462      -1762.107
           2070         180429      -2256.760
           2080         181315      -4091.627
           2090         182285      -1814.111
           2100         183016      -4909.633
           2110         183833      -1746.201
           2120         184609      -1817.480
           2130         185408      -6419.115
           2140         186196      -2952.327
           2150         187112      -5233.863
           2160         187979      -1939.202
           2170         188772      -2092.099
           2180         189631      -3526.991
           2190         190453      -2775.564
           2200         191231      -1986.156
           2210         191952      -3036.079
           2220         192725      -2404.699
           2230         193589      -1727.969
           2240         194516      -2257.724
           2250         195362      -1873.580
           2260         196250      -2171.429
           2270         197095      -1633.985
           2280         198068      -2045.598
           2290         198921      -1678.667
           2300         199907      -2337.777
           2310         200767      -4001.153
           2320         201743      -1585.516
           2330         202697      -2306.216
           2340         203529      -2059.232
           2350         204454      -1693.091
           2360         205386      -2002.421
           2370         206260      -1128.335
           2380         207251      -3013.755
           2390         208097      -2083.941
           2400         208934      -2244.692
           2410         209825      -2845.489
           2420         210539      -2820.500
           2430         211358      -1969.112
           2440         212181      -2024.258
           2450         213127      -2024.258
           2460         213872      -2901.340
           2470         214762      -2518.018
           2480         215699      -1846.244
           2490         216592      -1862.366
           2500         217479      -2272.666
           2510         218412      -3138.036
           2520         219402      -1726.957
           2530         220347      -1762.743
           2540         221291      -1072.536
           2550         222291      -1100.840
           2560         223271      -2290.806
           2570         224223      -1156.876
           2580         225209      -1139.574
           2590         226159      -1129.301
           2600         227159      -1129.301
           2610         228096      -1129.301
           2620         229057      -1129.301
           2630         230057      -1129.301
           2640         231057      -1129.301
           2650         232057      -1129.301
           2660         232991      -1196.026
           2670         233976      -1166.045
           2680         234884      -1227.105
           2690         235855      -2080.533
           2700         236652      -3425.213
           2710         237542      -2380.836
           2720         238373      -2171.489
           2730         239059      -3468.804
           2740         239943      -2241.398
           2750         240778      -3004.675
           2760         241726      -3228.744
           2770         242392      -2028.589
           2780         243153      -2037.660
           2790         243956      -3166.950
           2800         244834      -2912.843
           2810         245834      -3011.875
           2820         246754      -1751.642
           2830         247754      -1234.685
           2840         248754      -1186.977
           2850         249605      -1234.685
           2860         250499      -1195.894
           2870         251499      -1130.661
           2880         252499      -1196.026
           2890         253405      -1178.981
           2900         254380      -1178.981
           2910         255300      -1440.014
           2920         256295      -1188.848
           2930         257238      -1212.683
           2940         258119      -1466.544
           2950         259057      -1212.683
           2960         259826      -1157.411
           2970         260694      -1286.745
           2980         261507      -1575.898
           2990         262428      -2647.790
           3000         263285      -1165.781
           3010         264285      -1839.224
           3020         265164      -1165.781
           3030         266115      -1165.781
           3040         267115      -1137.622
           3050         268076      -1137.622
           3060         269019      -1137.622
           3070         269962      -1137.167
           3080         270962      -1137.167
           3090         271962      -1137.167
           3100         272808      -1137.167
           3110         273720      -1137.167
           3120         274720      -1137.167
           3130         275703      -1137.167
           3140         276703      -1137.167
           3150         277647      -1451.496
           3160         278582      -1137.167
           3170         279522      -1137.167
           3180         280473      -1137.622
           3190         281440      -1137.622
           3200         282440      -1137.622
           3210         283342      -1155.732
           3220         284342      -1155.732
           3230         285342      -1155.732
           3240         286342      -1122.464
           3250         287309      -1238.086
           3260         288309      -1161.224
           3270         289309      -1122.464
           3280         290309      -1122.464
           3290         291250      -1238.086
           3300         292184      -1113.084
           3310         293184      -4125.463
           3320         294184      -4125.463
           3330         295115      -1113.084
           3340         296115      -1113.084
           3350         297115      -1113.084
           3360         298115      -1113.084
           3370         299115      -1148.629
           3380         300001      -1238.086
           3390         301001      -1113.084
           3400         302001      -1113.084
           3410         302995      -1150.242
           3420         303995      -1238.086
           3430         304995      -1122.464
           3440         305995      -1161.224
           3450         306995      -1083.403
           3460         307910      -1083.403
           3470         308910      -1083.403
           3480         309910      -1083.403
           3490         310910      -1110.717
           3500         311910      -1122.993
           3510         312865      -1093.404
           3520         313865      -1083.403
           3530         314865      -1083.403
           3540         315858      -1083.743
           3550         316795      -1083.743
           3560         317731      -1083.743
           3570         318731      -1083.743
           3580         319731      -1083.743
           3590         320731      -1083.743
           3600         321731      -1083.743
           3610         322731      -1083.743
           3620         323593      -1083.743
           3630         324593      -1083.743
           3640         325593      -1113.075
           3650         326576      -1128.864
           3660         327576      -1140.041
           3670         328576      -1083.403
           3680         329576      -1083.403
           3690         330576      -1083.743
           3700         331576      -1083.743
           3710         332515      -1083.743
           3720         333515      -1083.403
           3730         334512      -1113.075
           3740         335512      -1156.775
           3750         336512      -1083.743
           3760         337512      -1083.743
           3770         338512      -1083.743
           3780         339512      -1083.743
           3790         340512      -1083.743
           3800         341512      -1083.743
           3810         342451      -1083.743
           3820         343451      -1083.743
           3830         344387      -1083.743
           3840         345387      -1083.743
           3850         346387      -1083.743
           3860         347323      -1083.743
           3870         348323      -1083.743
           3880         349323      -1083.743
           3890         350323      -1083.403
           3900         351323      -1083.743
           3910         352276      -1083.743
           3920         353276      -1083.743
           3930         354276      -1083.743
           3940         355276      -1092.140
           3950         356213      -1118.468
           3960         357213      -1118.468
           3970         358213      -1118.468
           3980         359150      -1118.468
           3990         360150      -1118.468
           4000         361150      -1118.468
           4010         362150      -1118.468
           4020         363150      -1118.468
           4030         364108      -1118.468
           4040         365067      -1118.468
           4050         366067      -1118.468
           4060         367008      -1118.468
           4070         368008      -1118.468
           4080         369008      -1118.468
           4090         370008      -1118.468
           4100         371008      -1118.468
           4110         372008      -1118.468
           4120         372943      -1118.468
           4130         373943      -1118.468
           4140         374943      -1118.468
           4150         375812      -1118.468
           4160         376812      -1118.468
           4170         377812      -1118.468
           4180         378812      -1118.468
           4190         379812      -1175.497
           4200         380749      -1118.468
           4210         381749      -1118.468
           4220         382749      -1118.468
           4230         383690      -1118.468
           4240         384597      -1118.468
           4250         385597      -1118.468
           4260         386597      -1118.468
           4270         387597      -1118.468
           4280         388537      -1118.468
           4290         389537      -1118.468
           4300         390474      -1145.878
           4310         391474      -1144.871
           4320         392474      -1144.871
           4330         393411      -1144.871
           4340         394411      -1144.871
           4350         395411      -1118.468
           4360         396411      -1118.468
           4370         397411      -1118.468
           4380         398411      -1118.468
           4390         399411      -1118.468
           4400         400411      -1118.468
           4410         401411      -1118.468
           4420         402411      -1118.468
           4430         403411      -1118.468
           4440         404411      -1118.468
           4450         405411      -1118.468
           4460         406411      -1118.468
           4470         407411      -1118.468
           4480         408411      -1118.468
           4490         409411      -1118.468
           4500         410411      -1118.468
           4510         411411      -1118.468
           4520         412411      -1118.468
           4530         413251      -1118.468
           4540         414251      -1118.468
           4550         415251      -1118.468
           4560         416251      -1118.468
           4570         417251      -1118.468
           4580         418189      -1118.468
           4590         419127      -1139.724
           4600         420127      -1139.724
           4610         421127      -1139.724
           4620         422127      -1139.724
           4630         423127      -1139.724
           4640         424127      -1139.724
           4650         425127      -1139.724
           4660         426127      -1139.724
           4670         427127      -1139.724
           4680         428127      -1139.724
           4690         429127      -1139.724
           4700         430127      -1139.724
           4710         431127      -1139.724
           4720         432127      -1139.724
           4730         433127      -1139.724
           4740         434127      -1139.724
           4750         435127      -1139.724
           4760         436127      -1139.724
           4770         437127      -1139.724
           4780         438127      -1139.724
           4790         439127      -1139.724
           4800         440127      -1139.724
           4810         441061      -1139.724
           4820         442061      -1139.724
           4830         443061      -1139.724
           4840         444061      -1139.724
           4850         445061      -1139.724
           4860         446061      -1139.724
           4870         446997      -1167.628
           4880         447997      -1139.724
           4890         448997      -1139.724
           4900         449997      -1167.628
           4910         450928      -1139.724
           4920         451928      -1139.724
           4930         452928      -1139.724
           4940         453928      -1139.724
           4950         454928      -1139.724
           4960         455928      -1139.724
           4970         456928      -1139.724
           4980         457928      -1139.724
           4990         458928      -1139.724
           5000         459928      -1139.724
           5010         460928      -1139.724
           5020         461928      -1139.724
           5030         462928      -1139.724
           5040         463928      -1139.724
           5050         464928      -1139.724
           5060         465928      -1139.724
           5070         466928      -1139.724
           5080         467928      -1139.724
           5090         468928      -1139.724
           5100         469928      -1188.154
           5110         470928      -1139.724
           5120         471928      -1139.724
           5130         472928      -1139.724
           5140         473928      -1139.724
           5150         474928      -1139.724
           5160         475928      -1139.724
           5170         476928      -1139.724
           5180         477928      -1139.724
           5190         478882      -1139.724
           5200         479882      -1139.724
           5210         480882      -1139.724
           5220         481882      -1139.724
           5230         482882      -1139.724
           5240         483882      -1139.724
           5250         484882      -1139.724
           5260         485882      -1139.724
           5270         486882      -1139.724
           5280         487882      -1139.724
           5290         488882      -1139.724
           5300         489882      -1139.724
           5310         490882      -1139.724
           5320         491882      -1139.724
           5330         492882      -1139.724
           5340         493882      -1139.724
           5350         494882      -1139.724
           5360         495882      -1139.724
           5370         496882      -1139.724
           5380         497882      -1139.724
           5390         498882      -1139.724
           5400         499882      -1139.724
