             10            263      -1073.727
             20            673      -2943.856
             30           1281      -1829.183
             40           1953      -5506.946
             50           2715      -5662.244
             60           3544      -5218.952
             70           4315      -4017.600
             80           5198      -2310.465
             90           6091      -5443.912
            100           7030      -5191.737
            110           7928      -6611.959
            120           8789      -5850.849
            130           9667      -6179.378
            140          10491      -6529.160
            150          11294      -5619.745
            160          12177      -6745.799
            170          13093      -5277.494
            180          14013      -7086.074
            190          14911      -5278.188
            200          15768      -6105.249
            210          16603      -6202.713
            220          17603      -4753.429
            230          18493      -5484.680
            240          19457      -5281.310
            250          20285      -5891.872
            260          21266      -5919.741
            270          22160      -5289.926
            280          23061      -7250.801
            290          24009      -6391.754
            300          24909      -6103.042
            310          25743      -7081.414
            320          26698      -5066.944
            330          27605      -6788.741
            340          28471      -6124.673
            350          29456      -6078.977
            360          30138      -2913.635
            370          30836      -5128.998
            380          31673      -2492.213
            390          32381      -5066.144
            400          33342      -2691.463
            410          34295      -4907.808
            420          35134      -2473.326
            430          36016      -5279.637
            440          36635      -3582.549
            450          37368      -1237.078
            460          37969       -821.899
            470          38718      -4065.977
            480          39458       -844.956
            490          40147      -2770.381
            500          40876      -4125.527
            510          41634      -3547.529
            520          42418      -4223.908
            530          43108       -867.941
            540          43926      -4409.794
            550          44566      -2269.307
            560          45141      -2291.801
            570          45758       -924.767
            580          46442       -887.584
            590          46988      -4957.218
            600          47650      -3829.758
            610          48493       -784.219
            620          48993      -3955.185
            630          49599       -877.078
            640          50111       -872.572
            650          50671      -4586.236
            660          51291      -2443.402
            670          51831       -864.058
            680          52481       -865.188
            690          52979       -869.651
            700          53588      -4872.050
            710          54260       -943.049
            720          54894      -1576.291
            730          55439      -2335.753
            740          56157       -929.251
            750          56818      -6592.131
            760          57543      -2447.581
            770          58258      -2390.866
            780          58846      -1495.603
            790          59216       -897.803
            800          59724       -787.450
            810          60414       -838.985
            820          61207      -2791.266
            830          61843       -917.008
            840          62275       -796.934
            850          62708      -2447.095
            860          63320       -863.770
            870          63918      -4557.551
            880          64560       -900.191
            890          65100       -874.181
            900          65659      -2287.997
            910          66204       -879.604
            920          66915       -869.452
            930          67506       -851.840
            940          68096      -4226.868
            950          68769      -3983.980
            960          69334      -3082.420
            970          69963      -3116.915
            980          70622       -852.952
            990          71202       -888.738
           1000          71666       -874.402
           1010          72279       -878.228
           1020          72829       -834.629
           1030          73422       -897.241
           1040          74032      -2055.077
           1050          74699       -815.245
           1060          75323      -5432.601
           1070          76049       -897.075
           1080          76653      -2510.364
           1090          77001      -4056.869
           1100          77513      -2196.884
           1110          78189      -1865.601
           1120          78721      -2266.038
           1130          79314      -4635.764
           1140          80027       -847.824
           1150          80755      -4181.413
           1160          81457       -918.869
           1170          81854       -798.191
           1180          82437      -1936.826
           1190          83052       -756.564
           1200          83543      -2057.428
           1210          84194       -836.245
           1220          84776       -858.754
           1230          85269      -2879.566
           1240          85769      -4695.885
           1250          86382      -5081.010
           1260          87103      -2834.704
           1270          87697       -808.461
           1280          88376       -873.509
           1290          89016       -889.180
           1300          89685      -2295.618
           1310          90258       -966.146
           1320          90990       -535.590
           1330          91742       -517.547
           1340          92556       -545.644
           1350          93325       -549.517
           1360          94202       -931.767
           1370          95082       -591.218
           1380          95772       -887.037
           1390          96395       -777.435
           1400          97203       -564.337
           1410          97958       -547.653
           1420          98760       -546.559
           1430          99560       -811.399
           1440         100285       -508.983
           1450         101163      -2741.037
           1460         102029       -526.322
           1470         102977       -498.255
           1480         103836       -498.255
           1490         104504       -651.782
           1500         105296       -497.333
           1510         106010       -882.814
           1520         106735       -497.333
           1530         107635      -2120.004
           1540         108542       -497.333
           1550         109382       -497.333
           1560         110151       -497.333
           1570         111096       -497.333
           1580         111964       -497.333
           1590         112927       -497.333
           1600         113830       -497.333
           1610         114676       -497.333
           1620         115676       -506.459
           1630         116617       -497.333
           1640         117458       -917.073
           1650         118183       -497.333
           1660         119106       -554.712
           1670         119988       -497.333
           1680         120930       -497.333
           1690         121873       -527.151
           1700         122817       -497.333
           1710         123697       -497.333
           1720         124622       -497.333
           1730         125477       -497.333
           1740         126276       -497.333
           1750         127179       -497.333
           1760         128179       -497.333
           1770         129136       -497.333
           1780         130094       -497.333
           1790         130995       -497.333
           1800         131926       -497.333
           1810         132848       -541.728
           1820         133772       -497.333
           1830         134638       -497.333
           1840         135571       -497.333
           1850         136495       -497.333
           1860         137334       -497.333
           1870         138219       -497.333
           1880         139219       -497.333
           1890         140146       -497.333
           1900         141146       -497.333
           1910         142112       -506.459
           1920         143013       -541.728
           1930         143979       -541.728
           1940         144903       -497.333
           1950         145903       -497.333
           1960         146834       -527.781
           1970         147834       -527.781
           1980         148760       -568.651
           1990         149760       -508.397
           2000         150613      -2489.021
           2010         151470       -566.408
           2020         152470       -578.468
           2030         153457       -551.742
           2040         154457       -545.333
           2050         155383       -601.398
           2060         156312       -575.328
           2070         157312       -605.516
           2080         158312       -572.774
           2090         159196       -546.009
           2100         160136       -546.009
           2110         161017       -626.466
           2120         162017       -546.009
           2130         162990       -541.728
           2140         163990       -541.728
           2150         164970       -497.333
           2160         165970       -497.333
           2170         166934       -497.976
           2180         167857       -497.976
           2190         168857       -497.976
           2200         169813       -525.728
           2210         170813       -525.728
           2220         171813       -497.976
           2230         172731       -497.976
           2240         173657       -541.728
           2250         174499       -537.648
           2260         175431       -545.087
           2270         176375       -527.961
           2280         177317       -498.255
           2290         178317       -498.255
           2300         179317       -497.976
           2310         180254       -541.728
           2320         181182       -561.698
           2330         182033       -556.823
           2340         183033       -555.155
           2350         184033       -497.665
           2360         185033       -497.665
           2370         186033       -497.665
           2380         187033       -497.665
           2390         188033       -497.665
           2400         189033       -497.665
           2410         189957       -497.665
           2420         190957       -543.158
           2430         191957       -507.448
           2440         192957       -536.051
           2450         193957       -536.815
           2460         194957       -563.148
           2470         195883       -541.728
           2480         196805       -541.728
           2490         197805       -497.333
           2500         198682       -497.333
           2510         199682       -497.333
           2520         200682       -546.446
           2530         201682       -516.469
           2540         202682       -516.469
           2550         203658       -516.469
           2560         204581       -516.469
           2570         205509       -516.469
           2580         206509       -544.235
           2590         207509       -528.885
           2600         208509       -532.369
           2610         209455       -596.779
           2620         210455       -532.369
           2630         211399       -521.031
           2640         212399       -516.469
           2650         213399       -516.469
           2660         214399       -544.235
           2670         215354       -528.885
           2680         216354       -528.885
           2690         217354       -545.527
           2700         218338       -545.410
           2710         219338       -553.031
           2720         220260       -584.745
           2730         221205       -546.702
           2740         222205       -805.191
           2750         223205       -571.823
           2760         224205       -544.235
           2770         225205       -516.469
           2780         226205       -516.469
           2790         227158       -516.469
           2800         228158       -516.469
           2810         229088       -518.358
           2820         230088       -518.358
           2830         230953       -518.358
           2840         231880       -528.885
           2850         232880       -528.885
           2860         233880       -528.885
           2870         234880       -528.885
           2880         235880       -528.885
           2890         236880       -528.885
           2900         237880       -528.885
           2910         238880       -528.885
           2920         239818       -528.885
           2930         240818       -528.885
           2940         241810       -506.279
           2950         242810       -528.885
           2960         243810       -528.885
           2970         244738       -528.885
           2980         245738       -528.885
           2990         246662       -528.885
           3000         247586       -528.885
           3010         248586       -506.279
           3020         249586       -506.279
           3030         250510       -506.279
           3040         251510       -506.279
           3050         252510       -506.279
           3060         253433       -506.279
           3070         254433       -506.279
           3080         255433       -506.279
           3090         256433       -506.279
           3100         257433       -506.279
           3110         258433       -506.279
           3120         259433       -506.279
           3130         260433       -506.279
           3140         261433       -559.881
           3150         262433       -515.528
           3160         263433       -548.364
           3170         264388       -536.108
           3180         265388       -519.013
           3190         266388       -519.013
           3200         267388       -519.013
           3210         268388       -535.750
           3220         269332       -506.279
           3230         270332       -506.279
           3240         271332       -506.279
           3250         272280       -516.469
           3260         273280       -516.469
           3270         274280       -516.469
           3280         275280       -516.469
           3290         276280       -516.469
           3300         277203       -516.469
           3310         278203       -516.469
           3320         279203       -516.469
           3330         280203       -528.885
           3340         281203       -528.885
           3350         282203       -528.885
           3360         283203       -528.885
           3370         284203       -516.469
           3380         285203       -516.469
           3390         286173       -516.469
           3400         287173       -516.469
           3410         288173       -516.469
           3420         289173       -516.469
           3430         290173       -516.469
           3440         291173       -516.469
           3450         292096       -525.753
           3460         293096       -525.753
           3470         294096       -516.469
           3480         295096       -516.469
           3490         296096       -506.279
           3500         297029       -506.279
           3510         297972       -506.279
           3520         298899       -516.469
           3530         299899       -516.469
           3540         300899       -516.469
           3550         301899       -528.885
           3560         302899       -528.885
           3570         303899       -528.885
           3580         304899       -528.885
           3590         305899       -528.885
           3600         306899       -516.469
           3610         307899       -516.469
           3620         308899       -516.469
           3630         309899       -516.469
           3640         310899       -516.469
           3650         311899       -516.469
           3660         312899       -516.469
           3670         313899       -544.235
           3680         314899       -528.885
           3690         315899       -528.885
           3700         316899       -516.469
           3710         317899       -516.469
           3720         318899       -516.469
           3730         319899       -516.469
           3740         320899       -516.469
           3750         321899       -516.469
           3760         322899       -525.753
           3770         323899       -516.469
           3780         324899       -544.235
           3790         325899       -544.235
           3800         326899       -516.469
           3810         327899       -516.469
           3820         328899       -516.469
           3830         329899       -553.994
           3840         330899       -528.885
           3850         331899       -544.235
           3860         332899       -516.469
           3870         333823       -516.469
           3880         334823       -516.469
           3890         335823       -516.469
           3900         336823       -516.469
           3910         337823       -516.469
           3920         338823       -516.469
           3930         339823       -516.469
           3940         340823       -516.469
           3950         341823       -516.469
           3960         342823       -516.469
           3970         343823       -516.469
           3980         344823       -506.279
           3990         345823       -506.279
           4000         346823       -533.030
           4010         347823       -528.885
           4020         348823       -528.885
           4030         349823       -528.885
           4040         350823       -528.885
           4050         351823       -528.885
           4060         352823       -544.763
           4070         353823       -527.458
           4080         354823       -516.031
           4090         355771       -527.458
           4100         356771       -538.387
           4110         357771       -538.387
           4120         358771       -538.387
           4130         359771       -538.387
           4140         360771       -532.324
           4150         361771       -532.324
           4160         362771       -555.565
           4170         363771       -516.031
           4180         364771       -516.031
           4190         365771       -516.031
           4200         366771       -516.031
           4210         367771       -516.031
           4220         368771       -516.031
           4230         369771       -516.031
           4240         370771       -552.485
           4250         371771       -552.485
           4260         372771       -516.031
           4270         373771       -516.031
           4280         374771       -516.031
           4290         375771       -545.233
           4300         376712       -545.233
           4310         377712       -516.808
           4320         378712       -516.808
           4330         379712       -516.808
           4340         380712       -516.808
           4350         381712       -516.808
           4360         382712       -516.808
           4370         383712       -516.808
           4380         384712       -516.808
           4390         385712       -553.031
           4400         386712       -516.808
           4410         387712       -516.808
           4420         388712       -516.808
           4430         389712       -516.808
           4440         390712       -516.808
           4450         391712       -516.808
           4460         392651       -545.233
           4470         393651       -545.233
           4480         394651       -545.233
           4490         395651       -545.233
           4500         396651       -516.808
           4510         397651       -516.808
           4520         398651       -516.808
           4530         399651       -516.808
           4540         400651       -516.808
           4550         401651       -516.808
           4560         402651       -516.808
           4570         403651       -516.808
           4580         404651       -516.808
           4590         405651       -516.808
           4600         406651       -516.808
           4610         407651       -516.808
           4620         408651       -516.808
           4630         409651       -516.808
           4640         410651       -516.808
           4650         411651       -516.031
           4660         412651       -552.485
           4670         413651       -544.763
           4680         414651       -516.808
           4690         415651       -516.808
           4700         416651       -516.808
           4710         417651       -516.808
           4720         418651       -516.808
           4730         419651       -516.808
           4740         420651       -516.808
           4750         421651       -516.808
           4760         422651       -516.808
           4770         423651       -516.808
           4780         424651       -516.808
           4790         425651       -516.808
           4800         426651       -516.808
           4810         427651       -516.808
           4820         428651       -516.808
           4830         429651       -516.808
           4840         430651       -516.808
           4850         431651       -516.808
           4860         432651       -516.808
           4870         433651       -516.808
           4880         434651       -516.808
           4890         435651       -516.808
           4900         436651       -516.808
           4910         437651       -516.808
           4920         438651       -516.808
           4930         439651       -516.808
           4940         440651       -516.808
           4950         441651       -516.808
           4960         442651       -516.808
           4970         443651       -516.808
           4980         444651       -516.808
           4990         445651       -516.808
           5000         446651       -516.808
           5010         447651       -516.808
           5020         448651       -516.808
           5030         449651       -516.808
           5040         450651       -516.808
           5050         451651       -516.808
           5060         452651       -516.808
           5070         453651       -516.808
           5080         454651       -516.808
           5090         455651       -516.808
           5100         456651       -516.808
           5110         457651       -516.808
           5120         458651       -516.808
           5130         459651       -516.808
           5140         460651       -516.808
           5150         461651       -516.808
           5160         462651       -516.808
           5170         463651       -516.808
           5180         464651       -516.808
           5190         465651       -516.808
           5200         466651       -516.808
           5210         467651       -516.808
           5220         468651       -516.808
           5230         469651       -516.808
           5240         470651       -516.808
           5250         471651       -516.808
           5260         472651       -516.808
           5270         473651       -516.808
           5280         474651       -516.808
           5290         475651       -516.808
           5300         476651       -516.808
           5310         477651       -516.808
           5320         478651       -516.808
           5330         479651       -516.808
           5340         480651       -516.808
           5350         481651       -516.808
           5360         482651       -516.808
           5370         483651       -516.808
           5380         484651       -516.808
           5390         485651       -516.808
           5400         486651       -516.808
           5410         487651       -516.808
           5420         488651       -516.808
           5430         489651       -516.808
           5440         490651       -516.808
           5450         491651       -516.808
           5460         492651       -516.808
           5470         493651       -516.808
           5480         494651       -516.808
           5490         495651       -516.808
           5500         496651       -516.808
           5510         497651       -516.808
           5520         498651       -516.808
           5530         499651       -516.808
