             10            922      -4934.802
             20           1846      -5296.479
             30           2846      -5583.395
             40           3811      -2732.304
             50           4749      -4934.802
             60           5704      -4556.709
             70           6633      -3228.366
             80           7571      -5604.993
             90           8447      -6368.524
            100           9447      -6616.387
            110          10413      -5979.517
            120          11279      -5551.090
            130          12257      -5885.170
            140          13225      -5664.189
            150          14187      -4934.802
            160          15029      -5838.102
            170          16029      -5829.307
            180          16948      -5509.142
            190          17927      -5929.323
            200          18927      -5576.551
            210          19915      -5800.960
            220          20861      -5551.072
            230          21861      -6542.280
            240          22853      -4934.802
            250          23853      -6223.290
            260          24846      -5433.505
            270          25804      -5672.657
            280          26804      -4934.802
            290          27804      -4179.337
            300          28804      -5369.118
            310          29803      -4575.060
            320          30757      -5483.960
            330          31755      -6946.590
            340          32752      -4342.012
            350          33715      -6271.848
            360          34703      -6569.401
            370          35703      -5099.828
            380          36646      -5873.635
            390          37555      -6376.161
            400          38551      -4539.219
            410          39551      -5727.223
            420          40490      -7278.614
            430          41455      -6612.266
            440          42427      -4531.882
            450          43427      -5530.624
            460          44364      -6061.235
            470          45353      -6080.348
            480          46353      -6373.469
            490          47283      -6252.526
            500          48283      -6147.217
            510          49283      -5678.733
            520          50280      -6505.168
            530          51280      -6911.527
            540          52218      -5786.471
            550          53218      -6058.329
            560          54218      -7597.952
            570          55204      -8465.178
            580          56204      -5492.790
            590          57177      -5402.148
            600          58158      -6200.407
            610          59096      -6537.735
            620          60065      -5982.812
            630          61063      -7341.155
            640          61985      -7170.890
            650          62958      -5744.388
            660          63914      -5599.423
            670          64886      -6074.349
            680          65867      -7004.370
            690          66843      -5276.667
            700          67843      -7184.611
            710          68843      -6720.682
            720          69817      -5757.020
            730          70717      -7254.161
            740          71699      -5094.118
            750          72699      -4977.859
            760          73629      -4507.358
            770          74594      -5047.111
            780          75593      -6535.574
            790          76538      -5659.727
            800          77427      -7131.635
            810          78338      -6811.951
            820          79240      -5649.114
            830          80205      -5950.272
            840          81173      -3636.054
            850          82155      -4905.128
            860          83095      -6722.670
            870          84057      -5462.474
            880          85038      -4284.056
            890          85992      -7880.185
            900          86889      -6884.159
            910          87871      -4336.160
            920          88871      -6616.149
            930          89761      -6720.745
            940          90706      -9275.314
            950          91686      -4453.491
            960          92535      -5170.333
            970          93449      -5419.132
            980          94361      -5122.854
            990          95330      -5357.490
           1000          96298      -5848.420
           1010          97209      -6053.785
           1020          98160      -2257.189
           1030          99067      -5331.772
           1040          99979      -3565.037
           1050         100898      -5744.013
           1060         101774      -5152.559
           1070         102621      -5820.549
           1080         103461      -5684.483
           1090         104281      -6054.924
           1100         105185      -6076.872
           1110         106098      -6243.107
           1120         106998      -5625.235
           1130         107920      -5474.544
           1140         108727      -6921.507
           1150         109550      -4450.987
           1160         110288      -2429.642
           1170         111136      -3942.732
           1180         112004      -5845.727
           1190         112935      -3972.048
           1200         113788      -4541.773
           1210         114740      -5190.772
           1220         115733      -5722.485
           1230         116594      -6263.042
           1240         117497      -3720.926
           1250         118362      -6229.342
           1260         119217      -5896.603
           1270         120114      -5903.659
           1280         120890      -4943.713
           1290         121709      -5282.437
           1300         122494      -3590.683
           1310         123423      -2710.365
           1320         124204      -4357.353
           1330         124971      -5609.467
           1340         125783      -3650.901
           1350         126592      -3569.688
           1360         127358      -2621.516
           1370         128114      -3703.328
           1380         129031      -3060.320
           1390         129743      -3628.132
           1400         130560      -3291.723
           1410         131478      -5309.921
           1420         132266      -1964.620
           1430         133074      -4230.780
           1440         133994      -4889.977
           1450         134940      -4253.865
           1460         135732      -2149.184
           1470         136525      -5208.630
           1480         137399      -4105.065
           1490         138181      -2432.057
           1500         138947      -1861.691
           1510         139740      -6129.134
           1520         140609      -2576.075
           1530         141470      -2555.065
           1540         142227      -4577.447
           1550         142914      -5327.927
           1560         143663      -5802.395
           1570         144510      -6246.253
           1580         145244      -2262.217
           1590         146094      -2105.310
           1600         146849      -3746.209
           1610         147601      -4673.073
           1620         148360      -5362.312
           1630         149215      -3650.852
           1640         150043      -5161.413
           1650         150908      -3989.947
           1660         151805      -2123.289
           1670         152529      -5541.809
           1680         153367      -5114.262
           1690         154270      -5487.528
           1700         155157      -6190.061
           1710         155991      -4640.540
           1720         156736      -3844.017
           1730         157543      -2180.901
           1740         158278      -4567.569
           1750         159092      -2124.605
           1760         159925      -4300.925
           1770         160650      -2425.072
           1780         161451      -3578.321
           1790         162146      -2295.479
           1800         162954      -3622.511
           1810         163692      -1698.697
           1820         164554      -2903.760
           1830         165419      -3774.585
           1840         166241      -1889.652
           1850         167103      -2254.437
           1860         167983      -2635.008
           1870         168780      -2451.652
           1880         169634      -2125.566
           1890         170426      -3479.764
           1900         171315      -3038.092
           1910         172144      -2126.388
           1920         172913      -2071.682
           1930         173615      -2471.988
           1940         174445      -2141.775
           1950         175212      -2023.117
           1960         176022      -2151.760
           1970         176904      -5831.485
           1980         177744      -4670.711
           1990         178694      -2338.730
           2000         179675      -2345.794
           2010         180647      -3127.898
           2020         181523      -1767.234
           2030         182421      -3867.858
           2040         183321      -2470.828
           2050         184217      -2478.518
           2060         185185      -1519.541
           2070         186034      -3821.330
           2080         186913      -1719.965
           2090         187812      -3175.945
           2100         188747      -3224.198
           2110         189623      -4489.817
           2120         190299      -3475.753
           2130         191165      -2891.477
           2140         191888      -4709.170
           2150         192888      -1978.373
           2160         193749      -1693.585
           2170         194686      -1670.703
           2180         195537      -2599.458
           2190         196349      -1838.030
           2200         197308      -1632.785
           2210         198218      -3230.405
           2220         199152      -1856.210
           2230         200118      -3829.838
           2240         201033      -2620.705
           2250         201940      -1717.706
           2260         202940      -2472.944
           2270         203913      -1342.274
           2280         204913      -4604.303
           2290         205893      -3759.467
           2300         206841      -4884.796
           2310         207693      -2241.302
           2320         208603      -2341.486
           2330         209312      -1769.009
           2340         210039      -2038.629
           2350         210839      -1741.977
           2360         211705      -1619.632
           2370         212570      -1628.394
           2380         213502      -5083.526
           2390         214379      -1556.116
           2400         215335      -1914.651
           2410         216103      -2067.471
           2420         217079      -2164.994
           2430         217929      -2102.875
           2440         218669      -2117.139
           2450         219546      -2176.020
           2460         220345      -2476.196
           2470         221289      -1684.834
           2480         222248      -1751.524
           2490         223248      -2871.212
           2500         224205      -1761.305
           2510         225055      -1685.235
           2520         226055      -2076.409
           2530         226985      -1703.033
           2540         227846      -2036.894
           2550         228790      -2416.938
           2560         229623      -2486.350
           2570         230477      -3590.828
           2580         231312      -1697.339
           2590         232200      -1520.222
           2600         233112      -1554.158
           2610         234034      -1613.392
           2620         234894      -2632.415
           2630         235734      -1223.654
           2640         236501      -1583.221
           2650         237432      -2009.828
           2660         238382      -2918.398
           2670         239363      -1217.023
           2680         240323      -1217.023
           2690         241323      -1158.116
           2700         242216      -1121.287
           2710         243152      -1121.287
           2720         244140      -1121.287
           2730         245140      -1121.287
           2740         246018      -1121.287
           2750         247018      -1121.287
           2760         247942      -1140.023
           2770         248919      -1140.117
           2780         249853      -1257.507
           2790         250779      -1140.508
           2800         251713      -1140.508
           2810         252576      -1140.508
           2820         253463      -1140.508
           2830         254463      -1140.508
           2840         255463      -1140.508
           2850         256463      -1140.508
           2860         257355      -1140.508
           2870         258335      -1168.759
           2880         259335      -1168.759
           2890         260335      -1140.508
           2900         261291      -1140.508
           2910         262235      -1140.508
           2920         263235      -1130.513
           2930         264235      -1182.640
           2940         265235      -1182.640
           2950         266235      -1199.845
           2960         267115      -1199.845
           2970         268071      -2102.816
           2980         269036      -1152.131
           2990         270036      -1139.346
           3000         271036      -1139.346
           3010         272036      -2194.545
           3020         272998      -1190.615
           3030         273952      -1139.346
           3040         274952      -1139.346
           3050         275952      -1139.346
           3060         276952      -1139.346
           3070         277952      -1139.346
           3080         278952      -1170.286
           3090         279946      -1139.346
           3100         280946      -1139.346
           3110         281946      -1139.346
           3120         282946      -1139.346
           3130         283946      -1139.346
           3140         284916      -1139.346
           3150         285916      -1129.246
           3160         286818      -1139.346
           3170         287818      -1139.346
           3180         288818      -1139.346
           3190         289756      -1139.346
           3200         290756      -1139.346
           3210         291718      -1139.346
           3220         292718      -1139.346
           3230         293687      -1139.346
           3240         294687      -1139.346
           3250         295687      -1129.246
           3260         296687      -1139.346
           3270         297687      -1139.346
           3280         298668      -1110.818
           3290         299615      -1148.637
           3300         300553      -1130.122
           3310         301553      -1130.122
           3320         302553      -1130.122
           3330         303553      -1130.122
           3340         304553      -1130.122
           3350         305553      -1130.122
           3360         306500      -1130.122
           3370         307500      -1130.122
           3380         308500      -1130.122
           3390         309467      -1130.122
           3400         310467      -1130.122
           3410         311467      -1130.122
           3420         312467      -1130.122
           3430         313467      -1130.122
           3440         314467      -1130.122
           3450         315402      -1130.122
           3460         316402      -1130.122
           3470         317345      -1119.369
           3480         318279      -1130.122
           3490         319236      -1130.122
           3500         320169      -1130.122
           3510         321145      -1130.122
           3520         322145      -1130.122
           3530         323145      -1130.122
           3540         324106      -1130.122
           3550         325106      -1130.122
           3560         326045      -1130.122
           3570         327045      -1130.122
           3580         328045      -1130.122
           3590         329045      -1130.122
           3600         330045      -1160.856
           3610         331003      -1130.122
           3620         332003      -1130.122
           3630         333003      -1130.122
           3640         333940      -1130.122
           3650         334940      -1130.122
           3660         335940      -1130.122
           3670         336940      -1130.122
           3680         337940      -1120.431
           3690         338940      -1130.122
           3700         339940      -1130.122
           3710         340940      -1130.122
           3720         341940      -1130.122
           3730         342940      -1130.122
           3740         343940      -2309.737
           3750         344940      -1130.122
           3760         345940      -1130.122
           3770         346940      -1130.122
           3780         347940      -1149.342
           3790         348906      -1228.964
           3800         349906      -1157.295
           3810         350906      -1157.295
           3820         351906      -1157.295
           3830         352858      -1157.295
           3840         353858      -1157.295
           3850         354858      -1157.295
           3860         355796      -1157.295
           3870         356796      -1157.295
           3880         357796      -1157.295
           3890         358765      -1180.068
           3900         359765      -1157.295
           3910         360658      -1139.346
           3920         361658      -1139.346
           3930         362658      -1139.346
           3940         363597      -1139.346
           3950         364597      -1139.346
           3960         365597      -1139.346
           3970         366597      -1139.346
           3980         367534      -1157.295
           3990         368501      -1157.295
           4000         369501      -1157.295
           4010         370501      -1157.295
           4020         371501      -1120.933
           4030         372501      -1120.933
           4040         373501      -1120.933
           4050         374501      -1120.933
           4060         375501      -1120.933
           4070         376501      -1120.933
           4080         377501      -1120.933
           4090         378456      -1120.933
           4100         379456      -1120.933
           4110         380456      -1120.933
           4120         381456      -1120.933
           4130         382456      -1120.933
           4140         383456      -1120.933
           4150         384456      -1120.933
           4160         385456      -1120.933
           4170         386456      -1120.933
           4180         387456      -1120.933
           4190         388456      -1120.933
           4200         389334      -1120.933
           4210         390334      -1120.933
           4220         391303      -1169.176
           4230         392211      -1120.933
           4240         393211      -1120.933
           4250         394211      -1120.933
           4260         395211      -1120.933
           4270         396211      -1120.933
           4280         397211      -1120.933
           4290         398211      -1120.933
           4300         399211      -1120.933
           4310         400211      -1120.933
           4320         401211      -1120.933
           4330         402211      -1120.933
           4340         403211      -1120.933
           4350         404144      -1120.933
           4360         405144      -1120.933
           4370         406144      -1157.295
           4380         407144      -1170.921
           4390         408144      -1120.933
           4400         409105      -1120.933
           4410         410105      -1120.933
           4420         411105      -1120.933
           4430         412105      -1120.933
           4440         413105      -1120.933
           4450         414105      -1120.933
           4460         415105      -1120.933
           4470         416105      -1120.933
           4480         417105      -1120.933
           4490         418105      -1157.295
           4500         419100      -1157.295
           4510         420100      -1120.933
           4520         421100      -1120.933
           4530         422100      -1120.933
           4540         423040      -1169.176
           4550         424040      -1120.933
           4560         425010      -1120.933
           4570         426010      -1120.933
           4580         427010      -1120.933
           4590         428010      -1120.933
           4600         429010      -1120.933
           4610         430010      -1120.933
           4620         431010      -1120.933
           4630         432010      -1120.933
           4640         432950      -1120.933
           4650         433950      -1120.933
           4660         434950      -1120.933
           4670         435950      -1120.933
           4680         436950      -1120.933
           4690         437950      -1120.933
           4700         438950      -1120.933
           4710         439887      -1120.933
           4720         440887      -1120.933
           4730         441887      -1120.933
           4740         442887      -1120.933
           4750         443887      -1120.933
           4760         444887      -1120.933
           4770         445887      -1120.933
           4780         446880      -1120.933
           4790         447880      -1120.933
           4800         448880      -1120.933
           4810         449880      -1120.933
           4820         450880      -1120.933
           4830         451880      -1120.933
           4840         452880      -1120.933
           4850         453880      -1120.933
           4860         454880      -1120.933
           4870         455880      -1120.933
           4880         456880      -1120.933
           4890         457880      -1120.933
           4900         458880      -1120.933
           4910         459880      -1120.933
           4920         460880      -1120.933
           4930         461880      -1120.933
           4940         462880      -1120.933
           4950         463880      -1120.933
           4960         464880      -1120.933
           4970         465880      -1120.933
           4980         466831      -1120.933
           4990         467831      -1120.933
           5000         468831      -1120.933
           5010         469831      -1120.933
           5020         470831      -1120.933
           5030         471831      -1120.933
           5040         472831      -1120.933
           5050         473831      -1120.933
           5060         474831      -1120.933
           5070         475831      -1120.933
           5080         476831      -1120.933
           5090         477831      -1120.933
           5100         478831      -1120.933
           5110         479831      -1120.933
           5120         480831      -1120.933
           5130         481831      -1120.933
           5140         482831      -1120.933
           5150         483831      -1120.933
           5160         484831      -1120.933
           5170         485831      -1120.933
           5180         486831      -1120.933
           5190         487831      -1120.933
           5200         488831      -1120.933
           5210         489831      -1120.933
           5220         490831      -1120.933
           5230         491831      -1120.933
           5240         492831      -1120.933
           5250         493831      -1120.933
           5260         494831      -1120.933
           5270         495831      -1120.933
           5280         496831      -1120.933
           5290         497831      -1120.933
           5300         498831      -1120.933
           5310         499831      -1120.933
