             10            180      -1073.714
             20            398      -1069.575
             30            666      -1259.959
             40           1057      -2109.385
             50           1609      -3956.492
             60           2162      -4433.877
             70           2877      -5700.696
             80           3383      -1971.107
             90           3923      -3786.188
            100           4639      -3523.306
            110           5286      -6016.799
            120           5983      -4746.298
            130           6719      -5807.979
            140           7403      -2428.607
            150           8213      -3601.985
            160           9102      -5565.246
            170           9906      -5019.959
            180          10704      -4185.943
            190          11704      -6340.095
            200          12460      -4446.583
            210          13268      -6096.247
            220          14048      -5352.523
            230          14922      -5915.312
            240          15753      -5211.117
            250          16580      -4940.400
            260          17372      -5227.744
            270          18175      -5348.488
            280          19076      -4546.610
            290          19945      -5017.753
            300          20762      -7558.426
            310          21689      -5056.919
            320          22524      -5961.412
            330          23276      -6709.882
            340          24181      -6487.026
            350          25105      -6802.021
            360          25989      -5128.797
            370          26826      -5336.052
            380          27708      -3798.267
            390          28631      -6471.125
            400          29631      -3334.199
            410          30509      -3819.722
            420          31393      -3778.872
            430          32095      -2233.469
            440          32835      -5304.447
            450          33616      -8352.836
            460          34384      -4673.935
            470          35072       -882.936
            480          35902      -3358.795
            490          36601       -778.160
            500          37314       -902.741
            510          37842      -1085.789
            520          38484      -6572.351
            530          39242      -2687.962
            540          39642      -3536.086
            550          40243      -2312.572
            560          40932      -2021.769
            570          41500      -3965.461
            580          41925      -2406.370
            590          42627      -4436.913
            600          43318       -996.925
            610          44034      -5773.680
            620          44753      -5383.863
            630          45487      -4875.306
            640          46157       -964.364
            650          46701       -873.338
            660          47121      -2027.943
            670          47588      -2027.854
            680          48119      -3820.660
            690          48757      -4114.530
            700          49369      -3974.272
            710          49936      -3908.264
            720          50498       -937.829
            730          50968       -726.595
            740          51422      -5457.361
            750          52000       -833.768
            760          52559      -4095.676
            770          53188      -4158.875
            780          53703       -926.288
            790          54122      -2429.781
            800          54610      -5061.383
            810          55275      -4396.048
            820          55880      -2451.346
            830          56320       -804.754
            840          56782       -727.389
            850          57225       -898.652
            860          57778      -2023.529
            870          58315      -3661.782
            880          58985      -2027.912
            890          59471       -948.631
            900          60079       -665.440
            910          60633      -3741.946
            920          61165       -847.526
            930          61651      -5450.368
            940          62278      -2231.367
            950          62809       -757.130
            960          63444       -822.090
            970          63829      -1940.345
            980          64411      -6122.495
            990          65014      -3451.210
           1000          65596       -769.643
           1010          66163       -853.988
           1020          66453       -797.862
           1030          67052      -5487.745
           1040          67493      -6305.762
           1050          68093      -6292.636
           1060          68554       -765.900
           1070          69067       -800.932
           1080          69453      -2517.090
           1090          69906      -6126.122
           1100          70434       -987.017
           1110          70929       -836.149
           1120          71459      -4167.141
           1130          72048      -1089.538
           1140          72677       -833.677
           1150          73185      -2054.453
           1160          73587       -795.431
           1170          74133      -1099.597
           1180          74526      -2781.714
           1190          75038       -874.666
           1200          75537       -892.185
           1210          76100      -2789.036
           1220          76645      -2082.770
           1230          77191      -1879.297
           1240          77659      -2914.848
           1250          78335      -1767.689
           1260          79063      -2535.021
           1270          79491       -843.571
           1280          80143      -3743.777
           1290          80718       -887.469
           1300          81219       -748.824
           1310          81826      -3975.013
           1320          82361       -840.955
           1330          82850       -800.739
           1340          83404      -1703.293
           1350          83839      -3259.937
           1360          84551      -2174.449
           1370          85139      -3676.331
           1380          85693      -2237.574
           1390          86481       -559.455
           1400          86925      -1833.228
           1410          87689       -605.187
           1420          88327      -3999.907
           1430          89060       -515.556
           1440          89832       -638.170
           1450          90700       -845.690
           1460          91263      -7425.696
           1470          91870      -1925.730
           1480          92701      -1137.161
           1490          93413       -567.391
           1500          94095       -501.135
           1510          94996      -2821.622
           1520          95834      -2138.070
           1530          96692       -442.171
           1540          97369       -503.967
           1550          98280       -491.991
           1560          99030       -491.991
           1570          99834       -480.751
           1580         100746       -442.171
           1590         101746       -497.160
           1600         102619       -494.944
           1610         103482       -471.047
           1620         104377       -471.047
           1630         105172       -483.511
           1640         105936       -507.528
           1650         106798       -486.880
           1660         107586       -442.171
           1670         108400       -442.171
           1680         109272       -442.171
           1690         110075       -518.909
           1700         110877       -474.601
           1710         111545       -487.549
           1720         112444      -2368.987
           1730         113079       -442.171
           1740         113905       -442.171
           1750         114725      -3053.362
           1760         115508       -541.413
           1770         116338       -625.507
           1780         117174      -2126.633
           1790         118143       -520.740
           1800         118827       -469.708
           1810         119714       -502.090
           1820         120549       -486.399
           1830         121405       -513.698
           1840         122135       -549.068
           1850         123079      -2441.416
           1860         123883       -526.143
           1870         124883       -475.776
           1880         125784       -450.158
           1890         126772       -517.576
           1900         127719       -501.954
           1910         128703       -528.351
           1920         129703       -486.342
           1930         130637       -486.342
           1940         131637       -486.342
           1950         132559       -431.358
           1960         133456       -474.332
           1970         134352       -471.329
           1980         135135       -480.894
           1990         135885       -596.985
           2000         136768       -476.108
           2010         137695       -476.108
           2020         138623       -476.108
           2030         139529       -476.108
           2040         140448       -476.108
           2050         141202       -483.156
           2060         142074       -472.045
           2070         142989       -472.045
           2080         143786       -442.171
           2090         144602       -442.171
           2100         145419       -479.913
           2110         146201       -479.913
           2120         147113       -479.913
           2130         148059       -479.913
           2140         148939       -462.111
           2150         149939       -475.895
           2160         150828       -496.364
           2170         151651       -453.246
           2180         152615       -453.246
           2190         153379       -453.246
           2200         154301       -453.246
           2210         155138       -471.047
           2220         156138       -504.365
           2230         157002       -471.047
           2240         157892       -471.047
           2250         158831       -480.894
           2260         159749       -480.894
           2270         160724       -480.894
           2280         161678       -480.894
           2290         162678       -471.047
           2300         163643       -471.047
           2310         164581       -471.047
           2320         165536       -471.047
           2330         166465       -471.047
           2340         167400       -471.047
           2350         168400       -471.047
           2360         169400       -471.047
           2370         170349       -471.047
           2380         171278       -471.047
           2390         172278       -471.047
           2400         173278       -471.047
           2410         174278       -471.047
           2420         175229       -471.047
           2430         176166       -471.047
           2440         177084       -486.337
           2450         178007       -486.337
           2460         178859       -478.770
           2470         179796       -481.727
           2480         180769       -454.414
           2490         181769       -431.358
           2500         182687       -992.296
           2510         183544       -530.824
           2520         184544       -499.191
           2530         185468       -546.372
           2540         186386       -559.081
           2550         187314      -2370.424
           2560         188314       -559.279
           2570         189314       -431.358
           2580         190314       -431.358
           2590         191070       -431.358
           2600         191989       -431.358
           2610         192989       -431.358
           2620         193929       -431.358
           2630         194769       -431.358
           2640         195769       -431.358
           2650         196689       -431.358
           2660         197610       -431.358
           2670         198610       -477.030
           2680         199491       -474.332
           2690         200491       -468.377
           2700         201415       -453.422
           2710         202271       -453.422
           2720         203268       -442.171
           2730         204246       -491.240
           2740         205174       -492.936
           2750         206095       -442.171
           2760         207018       -442.171
           2770         208018       -442.171
           2780         209018       -442.171
           2790         210018       -442.171
           2800         211007       -442.171
           2810         211933       -442.171
           2820         212866       -442.171
           2830         213866       -442.171
           2840         214866       -471.047
           2850         215819       -442.171
           2860         216819       -442.171
           2870         217739       -442.171
           2880         218739       -442.171
           2890         219679       -479.913
           2900         220619       -442.171
           2910         221619       -442.171
           2920         222619       -442.171
           2930         223619       -442.171
           2940         224619       -442.171
           2950         225541       -442.171
           2960         226533       -442.171
           2970         227484       -442.171
           2980         228484       -486.926
           2990         229484       -486.926
           3000         230409       -486.926
           3010         231283       -527.125
           3020         232283       -487.164
           3030         233242       -481.898
           3040         234242       -516.509
           3050         235242       -459.541
           3060         236164       -492.936
           3070         237164       -492.936
           3080         238164       -453.422
           3090         239164       -453.422
           3100         240164       -453.422
           3110         241099       -461.767
           3120         242019       -461.767
           3130         243019       -461.767
           3140         243977       -461.767
           3150         244898       -549.705
           3160         245898       -549.705
           3170         246817       -461.767
           3180         247774       -461.767
           3190         248774       -461.713
           3200         249774       -461.713
           3210         250774       -461.713
           3220         251774       -461.713
           3230         252774       -461.713
           3240         253706       -461.713
           3250         254706       -462.264
           3260         255701       -499.437
           3270         256701       -495.277
           3280         257619       -461.797
           3290         258619       -464.108
           3300         259619       -464.108
           3310         260619       -464.108
           3320         261587       -484.986
           3330         262587       -484.986
           3340         263587       -490.760
           3350         264587       -490.760
           3360         265587       -490.760
           3370         266587       -490.760
           3380         267587       -484.986
           3390         268561       -490.282
           3400         269561       -482.973
           3410         270561       -454.145
           3420         271561       -454.677
           3430         272561       -490.760
           3440         273561       -502.500
           3450         274561       -490.760
           3460         275561       -490.282
           3470         276561       -490.282
           3480         277536       -490.760
           3490         278536       -484.986
           3500         279536       -484.986
           3510         280536       -484.986
           3520         281536       -484.986
           3530         282536       -484.986
           3540         283457       -484.986
           3550         284457       -484.986
           3560         285457       -484.986
           3570         286457       -484.986
           3580         287457       -484.986
           3590         288457       -484.986
           3600         289457       -484.986
           3610         290457       -484.986
           3620         291457       -484.986
           3630         292457       -484.986
           3640         293457       -461.713
           3650         294457       -461.713
           3660         295457       -461.713
           3670         296457       -461.713
           3680         297457       -461.713
           3690         298457       -471.802
           3700         299457       -471.802
           3710         300413       -509.881
           3720         301413       -469.227
           3730         302413       -469.227
           3740         303413       -469.227
           3750         304413       -469.227
           3760         305413       -498.114
           3770         306413       -498.114
           3780         307413       -498.114
           3790         308413       -498.114
           3800         309413       -498.114
           3810         310413       -498.114
           3820         311413       -498.114
           3830         312413       -498.114
           3840         313359       -461.675
           3850         314359       -461.675
           3860         315359       -461.675
           3870         316359       -461.675
           3880         317359       -498.114
           3890         318359       -461.675
           3900         319282       -461.675
           3910         320282       -470.948
           3920         321282       -470.948
           3930         322247       -484.986
           3940         323179       -464.108
           3950         324179       -464.108
           3960         325179       -490.760
           3970         326179       -490.760
           3980         327179       -461.675
           3990         328179       -461.675
           4000         329179       -461.675
           4010         330179       -461.675
           4020         331179       -461.675
           4030         332179       -461.675
           4040         333107       -461.675
           4050         334041       -461.675
           4060         335041       -461.675
           4070         336041       -461.675
           4080         336968       -461.675
           4090         337968       -497.286
           4100         338892       -497.286
           4110         339892       -487.654
           4120         340892       -474.251
           4130         341892       -474.251
           4140         342892       -474.251
           4150         343892       -474.251
           4160         344892       -474.251
           4170         345892       -474.251
           4180         346892       -474.251
           4190         347862       -490.430
           4200         348862       -474.251
           4210         349862       -474.251
           4220         350862       -474.251
           4230         351862       -474.251
           4240         352862       -474.251
           4250         353862       -474.251
           4260         354862       -474.251
           4270         355862       -474.251
           4280         356862       -474.251
           4290         357804       -474.251
           4300         358804       -474.251
           4310         359804       -474.251
           4320         360804       -474.251
           4330         361804       -474.251
           4340         362804       -474.251
           4350         363804       -472.619
           4360         364658       -472.619
           4370         365658       -472.619
           4380         366658       -472.619
           4390         367658       -472.619
           4400         368658       -472.619
           4410         369658       -472.619
           4420         370658       -472.619
           4430         371658       -472.619
           4440         372658       -472.619
           4450         373658       -490.430
           4460         374658       -472.619
           4470         375658       -472.619
           4480         376658       -472.619
           4490         377658       -472.619
           4500         378658       -472.619
           4510         379606       -501.452
           4520         380606       -501.452
           4530         381606       -506.341
           4540         382606       -501.452
           4550         383606       -501.452
           4560         384606       -502.284
           4570         385606       -502.284
           4580         386606       -508.671
           4590         387606       -490.430
           4600         388606       -490.430
           4610         389606       -484.986
           4620         390606       -484.986
           4630         391556       -490.430
           4640         392556       -490.430
           4650         393556       -490.430
           4660         394556       -472.619
           4670         395556       -463.237
           4680         396556       -463.237
           4690         397556       -463.237
           4700         398556       -463.237
           4710         399556       -463.237
           4720         400556       -463.237
           4730         401556       -463.237
           4740         402556       -463.237
           4750         403556       -463.237
           4760         404556       -463.237
           4770         405556       -463.237
           4780         406556       -484.986
           4790         407556       -484.986
           4800         408556       -484.986
           4810         409556       -454.145
           4820         410556       -454.145
           4830         411556       -454.145
           4840         412556       -454.145
           4850         413556       -454.145
           4860         414556       -454.145
           4870         415556       -454.145
           4880         416556       -454.145
           4890         417556       -464.108
           4900         418556       -464.108
           4910         419556       -454.145
           4920         420556       -454.145
           4930         421556       -454.145
           4940         422556       -484.986
           4950         423556       -484.986
           4960         424556       -484.986
           4970         425556       -484.986
           4980         426556       -484.986
           4990         427556       -484.986
           5000         428556       -484.986
           5010         429556       -454.145
           5020         430556       -454.145
           5030         431556       -484.986
           5040         432556       -484.986
           5050         433556       -484.986
           5060         434556       -484.986
           5070         435556       -484.986
           5080         436556       -484.986
           5090         437556       -484.986
           5100         438556       -484.986
           5110         439556       -484.986
           5120         440556       -484.986
           5130         441556       -484.986
           5140         442556       -484.986
           5150         443556       -484.986
           5160         444556       -484.986
           5170         445556       -484.986
           5180         446556       -484.986
           5190         447556       -484.986
           5200         448556       -484.986
           5210         449556       -484.986
           5220         450556       -484.986
           5230         451556       -484.986
           5240         452556       -484.986
           5250         453556       -484.986
           5260         454556       -484.986
           5270         455556       -484.986
           5280         456556       -484.986
           5290         457556       -484.986
           5300         458556       -484.986
           5310         459556       -484.986
           5320         460556       -484.986
           5330         461556       -484.986
           5340         462556       -484.986
           5350         463556       -484.986
           5360         464556       -484.986
           5370         465556       -454.145
           5380         466556       -454.145
           5390         467556       -454.145
           5400         468556       -454.145
           5410         469556       -454.145
           5420         470556       -454.145
           5430         471556       -454.145
           5440         472556       -454.145
           5450         473556       -454.145
           5460         474556       -454.145
           5470         475556       -454.145
           5480         476556       -454.145
           5490         477556       -454.145
           5500         478556       -454.145
           5510         479556       -454.145
           5520         480556       -454.145
           5530         481556       -454.145
           5540         482556       -454.145
           5550         483556       -454.145
           5560         484556       -454.145
           5570         485556       -454.145
           5580         486556       -454.145
           5590         487556       -454.145
           5600         488556       -454.145
           5610         489556       -454.145
           5620         490556       -454.145
           5630         491556       -454.145
           5640         492556       -454.145
           5650         493556       -454.145
           5660         494556       -454.145
           5670         495556       -454.145
           5680         496556       -454.145
           5690         497556       -454.145
           5700         498556       -454.145
           5710         499556       -454.145
