             10            824      -6086.616
             20           1685      -2646.850
             30           2563      -5313.069
             40           3473      -5445.221
             50           4423      -1822.492
             60           5423      -5684.083
             70           6360      -4171.516
             80           7287      -6248.388
             90           8246      -5566.526
            100           9194      -6486.812
            110          10025      -5932.591
            120          10996      -4934.802
            130          11876      -6679.265
            140          12876      -5375.650
            150          13797      -5301.452
            160          14797      -5770.856
            170          15786      -5853.292
            180          16786      -6222.388
            190          17786      -5323.134
            200          18769      -6834.454
            210          19666      -5265.658
            220          20666      -5768.835
            230          21661      -5174.107
            240          22556      -6119.937
            250          23494      -6280.364
            260          24480      -6646.803
            270          25434      -6491.193
            280          26417      -6397.426
            290          27417      -5127.488
            300          28378      -4934.802
            310          29333      -6502.412
            320          30333      -5512.094
            330          31242      -5679.322
            340          32173      -5996.102
            350          33157      -5692.187
            360          34120      -6391.810
            370          35120      -6075.626
            380          36057      -6548.169
            390          36984      -5915.912
            400          37984      -6655.725
            410          38938      -6242.431
            420          39924      -6248.880
            430          40894      -5655.630
            440          41894      -6591.173
            450          42854      -5955.901
            460          43854      -6113.963
            470          44854      -6165.669
            480          45787      -6456.177
            490          46787      -5346.041
            500          47787      -6477.219
            510          48757      -5923.430
            520          49624      -6277.963
            530          50541      -6544.825
            540          51499      -4276.724
            550          52439      -6376.631
            560          53387      -7155.810
            570          54387      -5515.194
            580          55387      -5965.323
            590          56332      -6952.787
            600          57332      -5902.800
            610          58332      -7416.688
            620          59332      -5585.753
            630          60332      -6359.699
            640          61303      -5916.400
            650          62243      -5931.911
            660          63243      -7682.439
            670          64236      -5871.747
            680          65223      -6481.287
            690          66187      -6790.407
            700          67149      -5309.628
            710          68138      -5822.515
            720          69138      -6848.117
            730          70117      -7683.752
            740          71059      -5098.323
            750          72027      -4940.767
            760          72950      -6263.186
            770          73950      -4995.373
            780          74948      -7652.798
            790          75905      -6934.109
            800          76905      -6658.550
            810          77850      -5801.231
            820          78850      -4528.222
            830          79811      -6125.575
            840          80811      -6001.035
            850          81773      -5793.966
            860          82724      -5192.253
            870          83710      -6942.572
            880          84691      -5693.729
            890          85682      -5873.485
            900          86682      -5891.538
            910          87632      -7993.184
            920          88526      -2722.961
            930          89464      -7864.823
            940          90417      -5396.350
            950          91222      -5317.078
            960          92222      -2861.615
            970          93222      -6077.701
            980          94165      -5342.341
            990          95076      -7677.598
           1000          95984      -6041.492
           1010          96984      -5542.605
           1020          97934      -5767.358
           1030          98877      -4409.356
           1040          99734      -6746.390
           1050         100676      -3458.786
           1060         101672      -5348.462
           1070         102553      -5629.595
           1080         103516      -6163.080
           1090         104471      -6223.186
           1100         105394      -5776.596
           1110         106394      -5668.535
           1120         107167      -3677.651
           1130         108065      -6634.694
           1140         108962      -5392.266
           1150         109754      -3822.150
           1160         110636      -6836.916
           1170         111414      -5069.471
           1180         112324      -3399.832
           1190         113264      -6324.082
           1200         114089      -3470.824
           1210         114995      -2727.069
           1220         115876      -4965.230
           1230         116797      -2298.888
           1240         117691     -11961.468
           1250         118559      -2256.055
           1260         119468      -4308.393
           1270         120378      -5453.143
           1280         121224      -2388.999
           1290         122031      -5767.394
           1300         122880      -6466.431
           1310         123736      -2191.073
           1320         124597      -4020.375
           1330         125478      -7163.491
           1340         126195      -2391.472
           1350         127056      -5636.912
           1360         127934      -2581.503
           1370         128776      -4618.308
           1380         129523      -6293.349
           1390         130369      -5180.057
           1400         131068      -4131.243
           1410         131898      -5236.248
           1420         132678      -4747.842
           1430         133474      -2336.770
           1440         134291      -2204.098
           1450         134993      -4855.440
           1460         135616      -1919.349
           1470         136310      -6169.677
           1480         137090      -2127.308
           1490         137844      -5014.806
           1500         138651      -5675.218
           1510         139513      -7012.585
           1520         140276      -6667.124
           1530         141061      -3778.599
           1540         141933      -2348.666
           1550         142701      -2053.821
           1560         143482      -6056.241
           1570         144131      -4190.079
           1580         144850      -2155.979
           1590         145542      -2391.647
           1600         146228      -3442.458
           1610         146922      -6026.568
           1620         147646      -2099.362
           1630         148549      -2061.818
           1640         149323      -3049.616
           1650         149947      -2087.717
           1660         150695      -5940.152
           1670         151514      -3354.404
           1680         152306      -2282.015
           1690         153044      -2493.918
           1700         153793      -2265.397
           1710         154531      -4934.802
           1720         155306      -4099.406
           1730         155961      -3140.325
           1740         156689      -5202.337
           1750         157524      -4024.972
           1760         158259      -2319.249
           1770         159049      -3177.428
           1780         159952      -4130.106
           1790         160655      -2429.464
           1800         161406      -4049.756
           1810         162164      -1970.267
           1820         162867      -3994.108
           1830         163570      -3135.819
           1840         164376      -2803.199
           1850         165102      -2893.316
           1860         165741      -2733.343
           1870         166298      -5049.816
           1880         167087      -2322.167
           1890         167872      -1922.159
           1900         168590      -3595.959
           1910         169331      -2078.696
           1920         170223      -5681.895
           1930         170969      -2965.234
           1940         171593      -5230.547
           1950         172298      -4957.386
           1960         173062      -2109.069
           1970         173798      -2011.345
           1980         174463      -2218.182
           1990         175101      -2778.216
           2000         175884      -2802.067
           2010         176737      -2352.989
           2020         177609      -2016.990
           2030         178488      -2940.507
           2040         179341      -1510.782
           2050         180188      -2172.561
           2060         181104      -3202.340
           2070         181974      -1362.131
           2080         182758      -4019.688
           2090         183658      -1636.719
           2100         184645      -2051.212
           2110         185314      -3702.459
           2120         186147      -1635.802
           2130         186946      -2433.661
           2140         187878      -1632.454
           2150         188717      -1964.608
           2160         189605      -2524.161
           2170         190592      -1805.878
           2180         191357      -3215.030
           2190         192238      -2413.258
           2200         193136      -1561.841
           2210         194123      -2218.279
           2220         194998      -1485.002
           2230         195907       -915.988
           2240         196877       -915.988
           2250         197877       -915.988
           2260         198827       -915.988
           2270         199768       -904.334
           2280         200532       -905.485
           2290         201309       -905.485
           2300         202146       -904.334
           2310         203074       -904.334
           2320         204015       -959.110
           2330         204992       -915.560
           2340         205931       -915.560
           2350         206726       -915.560
           2360         207571       -915.560
           2370         208537       -915.560
           2380         209458       -915.560
           2390         210458       -904.334
           2400         211427       -904.334
           2410         212427       -904.334
           2420         213365       -904.334
           2430         214232      -1280.137
           2440         215122       -953.109
           2450         216122       -953.109
           2460         217115       -953.109
           2470         218002       -953.109
           2480         218871       -953.109
           2490         219797       -915.560
           2500         220693      -1258.841
           2510         221605       -904.334
           2520         222533       -960.760
           2530         223410      -1201.722
           2540         224279       -905.177
           2550         225279       -886.839
           2560         226279       -904.334
           2570         227159       -914.285
           2580         228159       -914.285
           2590         229159       -914.285
           2600         230078       -914.285
           2610         231078       -914.458
           2620         232072       -906.036
           2630         233072       -906.036
           2640         234029      -1009.015
           2650         234998       -906.036
           2660         235935       -906.036
           2670         236873       -906.036
           2680         237831       -933.313
           2690         238831       -906.128
           2700         239759       -906.128
           2710         240733       -906.128
           2720         241733       -906.128
           2730         242733       -906.128
           2740         243733       -906.128
           2750         244696       -906.128
           2760         245641       -906.128
           2770         246580       -906.128
           2780         247580      -2478.944
           2790         248506       -965.688
           2800         249457       -978.495
           2810         250306       -960.608
           2820         251306       -967.027
           2830         252185      -1033.908
           2840         253185       -975.851
           2850         254185       -975.851
           2860         255185       -975.851
           2870         256062       -975.851
           2880         257062       -975.851
           2890         258060       -975.851
           2900         259046       -975.851
           2910         260046       -968.111
           2920         261046       -975.851
           2930         262006      -1002.082
           2940         263006       -968.111
           2950         264006       -968.111
           2960         264944       -998.052
           2970         265865       -998.052
           2980         266773      -1142.438
           2990         267704      -1283.757
           3000         268486      -1023.592
           3010         269476       -977.127
           3020         270476       -977.127
           3030         271476       -977.127
           3040         272476       -947.824
           3050         273476       -947.824
           3060         274450       -965.688
           3070         275450       -965.688
           3080         276450       -965.688
           3090         277388       -991.696
           3100         278319       -947.824
           3110         279218      -1006.202
           3120         280108      -1006.202
           3130         281108      -1006.202
           3140         282019      -1054.868
           3150         283016      -1006.202
           3160         283976      -1006.202
           3170         284976       -987.553
           3180         285976      -1006.202
           3190         286976      -1016.321
           3200         287946      -1004.833
           3210         288917      -1004.833
           3220         289910      -1031.734
           3230         290910       -975.851
           3240         291908       -975.851
           3250         292861       -975.851
           3260         293861       -975.851
           3270         294844       -975.851
           3280         295844       -975.851
           3290         296844       -975.851
           3300         297844      -1034.265
           3310         298799      -1040.454
           3320         299759       -998.052
           3330         300759       -998.052
           3340         301719       -998.052
           3350         302683       -998.052
           3360         303666       -998.052
           3370         304652      -1034.265
           3380         305648       -975.851
           3390         306648       -975.851
           3400         307626       -975.851
           3410         308626       -975.851
           3420         309544      -1038.102
           3430         310544      -1038.102
           3440         311408       -975.851
           3450         312408       -975.851
           3460         313408       -975.851
           3470         314408       -975.851
           3480         315408       -975.851
           3490         316408       -975.851
           3500         317345       -975.851
           3510         318345       -975.851
           3520         319345       -975.851
           3530         320345       -975.851
           3540         321292       -975.851
           3550         322292       -975.851
           3560         323292       -975.851
           3570         324292       -975.851
           3580         325283       -998.052
           3590         326255       -998.052
           3600         327255       -998.052
           3610         328255       -998.052
           3620         329202       -998.052
           3630         330069       -998.052
           3640         331069       -998.052
           3650         332040       -998.052
           3660         333040       -998.052
           3670         333970       -975.851
           3680         334970       -975.851
           3690         335970       -975.851
           3700         336970       -975.851
           3710         337970       -975.851
           3720         338970      -1027.128
           3730         339930      -1034.265
           3740         340930       -998.052
           3750         341930       -998.052
           3760         342860       -998.052
           3770         343860       -998.052
           3780         344860       -998.052
           3790         345860       -998.052
           3800         346849       -975.851
           3810         347723      -1019.930
           3820         348723       -998.052
           3830         349723       -998.052
           3840         350723       -987.804
           3850         351723       -938.153
           3860         352657       -987.804
           3870         353657       -938.153
           3880         354657       -938.153
           3890         355657      -1942.955
           3900         356512       -946.827
           3910         357512       -938.153
           3920         358414       -975.851
           3930         359414      -1002.082
           3940         360359       -975.851
           3950         361359       -975.851
           3960         362359       -998.052
           3970         363359       -998.052
           3980         364359       -998.052
           3990         365359       -998.052
           4000         366359       -998.052
           4010         367359       -998.052
           4020         368359       -998.052
           4030         369359       -998.052
           4040         370359       -998.052
           4050         371359       -975.851
           4060         372359       -968.111
           4070         373354       -998.052
           4080         374354       -998.052
           4090         375337       -975.851
           4100         376268       -975.851
           4110         377268       -975.851
           4120         378247       -975.851
           4130         379247       -975.851
           4140         380247       -975.851
           4150         381247       -975.851
           4160         382247       -975.851
           4170         383247       -975.851
           4180         384247       -975.851
           4190         385180       -975.851
           4200         386180       -975.851
           4210         387180       -975.851
           4220         388180       -975.851
           4230         389180       -975.851
           4240         390055       -975.851
           4250         391055       -975.851
           4260         392007       -975.851
           4270         393007       -975.851
           4280         393978       -975.851
           4290         394978       -975.851
           4300         395978       -975.851
           4310         396978      -1034.265
           4320         397978      -1034.265
           4330         398908       -975.851
           4340         399908       -975.851
           4350         400908       -975.851
           4360         401908       -975.851
           4370         402908       -975.851
           4380         403908       -975.851
           4390         404908      -1034.265
           4400         405908      -1027.128
           4410         406908      -1027.678
           4420         407908      -1027.678
           4430         408908       -975.851
           4440         409908       -975.851
           4450         410908       -975.851
           4460         411908       -975.851
           4470         412908       -975.851
           4480         413908       -965.688
           4490         414908       -965.688
           4500         415873       -965.688
           4510         416860       -958.840
           4520         417860       -958.840
           4530         418860       -958.840
           4540         419860       -958.840
           4550         420860       -958.840
           4560         421860       -958.840
           4570         422860       -958.840
           4580         423860       -958.840
           4590         424860       -958.840
           4600         425860       -965.688
           4610         426860       -965.688
           4620         427860       -965.688
           4630         428805       -965.494
           4640         429805       -965.494
           4650         430805       -965.688
           4660         431805       -965.688
           4670         432805       -965.688
           4680         433805       -965.688
           4690         434805       -965.688
           4700         435805       -965.688
           4710         436758       -965.688
           4720         437758       -965.688
           4730         438758       -965.688
           4740         439758       -965.688
           4750         440758       -965.688
           4760         441758       -965.688
           4770         442758       -965.688
           4780         443758       -965.688
           4790         444758       -965.688
           4800         445691       -965.688
           4810         446691       -965.688
           4820         447619       -965.688
           4830         448619       -965.688
           4840         449619       -965.688
           4850         450619       -965.688
           4860         451619       -965.688
           4870         452619       -965.688
           4880         453619       -965.688
           4890         454619       -965.688
           4900         455619       -965.688
           4910         456619       -965.688
           4920         457619       -965.688
           4930         458619       -965.688
           4940         459619       -965.688
           4950         460619       -965.688
           4960         461619       -965.688
           4970         462619       -965.688
           4980         463619       -965.688
           4990         464619       -965.688
           5000         465553       -965.688
           5010         466553       -965.688
           5020         467553      -1003.783
           5030         468553       -965.688
           5040         469553       -965.688
           5050         470553       -965.688
           5060         471553       -965.688
           5070         472553       -965.688
           5080         473553       -965.688
           5090         474530       -965.688
           5100         475530       -965.688
           5110         476491       -965.688
           5120         477491       -965.688
           5130         478491       -965.688
           5140         479491       -965.688
           5150         480491       -965.688
           5160         481491       -965.688
           5170         482491       -965.688
           5180         483491       -965.688
           5190         484491       -965.688
           5200         485491       -965.688
           5210         486491       -965.688
           5220         487491       -965.688
           5230         488491       -965.688
           5240         489491       -965.688
           5250         490491       -965.688
           5260         491491       -965.688
           5270         492491       -965.688
           5280         493491       -965.688
           5290         494491       -965.688
           5300         495491       -965.688
           5310         496491       -965.688
           5320         497491       -965.688
           5330         498491       -965.688
           5340         499491       -965.688
