             10            233      -1157.844
             20            497      -1128.309
             30            890      -4282.910
             40           1585      -3376.264
             50           2273      -3403.467
             60           2934      -4050.246
             70           3665      -4868.441
             80           4485      -2782.758
             90           5229      -3357.016
            100           5963      -6693.243
            110           6880      -2769.123
            120           7673      -5417.128
            130           8547      -5001.203
            140           9455      -5605.634
            150          10314      -5976.495
            160          11167      -6235.763
            170          11944      -6196.151
            180          12743      -4972.870
            190          13665      -5316.242
            200          14488      -5504.447
            210          15401      -3291.759
            220          16316      -5178.286
            230          17171      -6894.293
            240          18021      -4624.693
            250          18950      -5786.316
            260          19857      -5212.311
            270          20626      -5771.211
            280          21504      -5979.308
            290          22407      -3743.260
            300          23340      -5791.300
            310          24283      -6096.448
            320          25194      -3573.395
            330          26131      -7523.860
            340          26891      -3584.761
            350          27696      -7024.205
            360          28466      -6101.532
            370          29235      -5553.246
            380          30070      -3972.058
            390          30801      -3305.665
            400          31553      -3190.683
            410          32396       -863.590
            420          33162      -4520.481
            430          33840      -6988.341
            440          34571      -6161.557
            450          35351      -5198.441
            460          36136      -4936.469
            470          36904      -2187.596
            480          37522      -2662.332
            490          38019       -987.736
            500          38736      -6306.885
            510          39409       -967.418
            520          40113      -4615.161
            530          40956      -2051.396
            540          41501      -4586.390
            550          42107       -892.483
            560          42731      -2434.935
            570          43328       -937.235
            580          43819      -1947.715
            590          44328      -4966.291
            600          44925       -944.569
            610          45635      -3860.923
            620          46280      -2276.895
            630          46937      -3185.398
            640          47635      -4634.954
            650          48458      -2112.846
            660          49023      -3982.378
            670          49799      -6293.631
            680          50411      -2388.211
            690          51102      -1944.307
            700          51755      -3897.893
            710          52418      -4313.221
            720          53047       -962.747
            730          53594      -5350.805
            740          53986       -898.448
            750          54621       -797.673
            760          55041       -955.665
            770          55693      -1036.414
            780          56383      -4819.379
            790          56886      -1029.584
            800          57576      -2505.572
            810          58087      -5071.533
            820          58550      -2648.880
            830          59088      -2774.406
            840          59762      -3705.947
            850          60399       -883.531
            860          60901      -2012.147
            870          61495      -2381.730
            880          62127      -2675.357
            890          62718      -4478.849
            900          63141       -835.943
            910          63742      -2412.705
            920          64179      -4272.602
            930          64786       -598.872
            940          65341       -908.093
            950          66117       -944.012
            960          66788      -3142.563
            970          67428       -809.965
            980          67982      -5143.279
            990          68546       -894.131
           1000          69169       -947.907
           1010          69766      -1844.025
           1020          70362       -950.882
           1030          70995      -2333.013
           1040          71725      -4042.291
           1050          72398       -879.700
           1060          73159      -5600.739
           1070          73862       -847.037
           1080          74312      -2308.268
           1090          74911       -965.596
           1100          75544      -2700.463
           1110          76303      -1050.456
           1120          76941       -836.903
           1130          77441      -3254.174
           1140          78035       -886.453
           1150          78566       -988.322
           1160          79022       -781.569
           1170          79678      -3166.644
           1180          80303      -2236.354
           1190          81076       -980.274
           1200          81820       -898.077
           1210          82562      -2205.596
           1220          83165       -880.868
           1230          83644      -1873.306
           1240          84191       -828.486
           1250          84950      -2245.211
           1260          85581       -761.420
           1270          86066      -4005.022
           1280          86712       -898.725
           1290          87474       -570.553
           1300          88143       -838.121
           1310          88820       -552.768
           1320          89552      -2499.737
           1330          90414       -534.705
           1340          91241      -2232.073
           1350          91993       -518.925
           1360          92662       -519.018
           1370          93365       -516.925
           1380          94320       -512.444
           1390          95153       -810.750
           1400          95897       -511.506
           1410          96748       -499.088
           1420          97373       -497.966
           1430          98252       -476.480
           1440          99025       -822.048
           1450          99938       -458.792
           1460         100791       -522.628
           1470         101673       -575.045
           1480         102470       -486.369
           1490         103218       -486.369
           1500         104094       -468.360
           1510         105066       -508.238
           1520         105941       -479.969
           1530         106941       -458.792
           1540         107793       -458.792
           1550         108685       -458.792
           1560         109650       -479.969
           1570         110607       -479.969
           1580         111285       -497.796
           1590         112244       -508.983
           1600         113096       -480.368
           1610         113995       -513.402
           1620         114894       -480.368
           1630         115803       -489.251
           1640         116646       -896.583
           1650         117548       -774.517
           1660         118321       -479.559
           1670         119252       -479.559
           1680         120177       -479.559
           1690         120962       -479.559
           1700         121868       -479.559
           1710         122868       -478.806
           1720         123765       -479.559
           1730         124666       -479.559
           1740         125614       -541.919
           1750         126614       -497.291
           1760         127488       -497.291
           1770         128351       -542.911
           1780         129287       -497.291
           1790         130229       -497.291
           1800         131117       -497.291
           1810         132022       -486.487
           1820         132965       -497.291
           1830         133965       -479.559
           1840         134925       -479.559
           1850         135925       -479.559
           1860         136925       -497.291
           1870         137922       -497.291
           1880         138855       -497.291
           1890         139786       -497.291
           1900         140682       -497.291
           1910         141682       -497.291
           1920         142580       -499.088
           1930         143454       -507.297
           1940         144251       -507.297
           1950         145221       -476.480
           1960         146221       -476.480
           1970         147056       -924.428
           1980         147876       -476.480
           1990         148858       -458.792
           2000         149781       -504.081
           2010         150705       -539.551
           2020         151559       -489.818
           2030         152506       -564.544
           2040         153467      -1131.988
           2050         154413       -491.094
           2060         155413       -491.094
           2070         156368       -491.094
           2080         157332       -500.501
           2090         158288       -490.736
           2100         159288       -490.736
           2110         160256       -490.736
           2120         161200       -517.332
           2130         162200       -517.332
           2140         163121       -517.332
           2150         164121       -517.332
           2160         165121       -517.332
           2170         166044       -490.736
           2180         167044       -490.736
           2190         168044       -509.962
           2200         168963       -490.736
           2210         169883       -490.736
           2220         170883       -490.479
           2230         171833       -490.479
           2240         172757       -490.479
           2250         173737       -500.010
           2260         174673       -501.459
           2270         175673       -501.459
           2280         176566       -501.459
           2290         177566       -501.459
           2300         178463       -501.456
           2310         179433       -501.225
           2320         180433       -524.820
           2330         181403       -493.418
           2340         182380       -493.526
           2350         183380       -500.010
           2360         184307       -500.010
           2370         185307       -500.010
           2380         186307       -500.010
           2390         187251       -508.270
           2400         188251       -508.270
           2410         189241       -476.950
           2420         190241       -476.950
           2430         191165       -476.950
           2440         192165       -476.950
           2450         193165       -495.910
           2460         194161       -500.907
           2470         195161       -495.595
           2480         196115       -511.381
           2490         197115       -503.416
           2500         198109       -476.480
           2510         199109       -490.714
           2520         200013       -486.369
           2530         200870       -515.103
           2540         201795       -497.966
           2550         202795       -497.966
           2560         203795       -476.480
           2570         204724       -476.480
           2580         205724       -498.818
           2590         206724       -498.818
           2600         207724       -519.795
           2610         208650       -503.412
           2620         209650       -458.792
           2630         210650       -458.792
           2640         211650       -458.792
           2650         212650       -458.792
           2660         213650       -458.792
           2670         214650       -458.792
           2680         215650       -458.792
           2690         216650       -497.966
           2700         217650       -458.792
           2710         218577       -476.950
           2720         219577       -476.950
           2730         220504       -458.792
           2740         221504       -458.792
           2750         222504       -458.792
           2760         223504       -458.792
           2770         224429       -478.806
           2780         225429       -458.792
           2790         226429       -458.792
           2800         227429       -458.792
           2810         228429       -458.792
           2820         229429       -458.792
           2830         230429       -458.792
           2840         231429       -458.792
           2850         232429       -458.792
           2860         233360       -458.792
           2870         234310       -458.792
           2880         235278       -476.950
           2890         236203       -489.048
           2900         237203       -495.910
           2910         238203       -478.806
           2920         239155       -458.792
           2930         240155       -458.792
           2940         241155       -458.792
           2950         242155       -458.792
           2960         243155       -458.792
           2970         244155       -458.792
           2980         245155       -458.792
           2990         246155       -458.792
           3000         247105       -458.792
           3010         248105       -517.618
           3020         249105       -476.950
           3030         250105       -458.792
           3040         251105       -476.950
           3050         252105       -476.950
           3060         253105       -458.792
           3070         254105       -458.792
           3080         255105       -458.792
           3090         256105       -458.792
           3100         257105       -458.792
           3110         258105       -458.792
           3120         259028       -458.792
           3130         260028       -458.792
           3140         261028       -476.950
           3150         262028       -495.910
           3160         263028       -495.910
           3170         264028       -458.792
           3180         265028       -458.792
           3190         266028       -458.792
           3200         267028       -458.792
           3210         268028       -458.792
           3220         269028       -458.792
           3230         270028       -458.792
           3240         271028       -458.792
           3250         271955       -458.792
           3260         272955       -458.792
           3270         273955       -458.792
           3280         274955       -476.950
           3290         275955       -476.950
           3300         276955       -458.792
           3310         277955       -458.792
           3320         278955       -476.950
           3330         279955       -458.792
           3340         280955       -458.792
           3350         281955       -458.792
           3360         282955       -458.792
           3370         283955       -458.792
           3380         284955       -458.792
           3390         285955       -458.792
           3400         286952       -478.806
           3410         287952       -478.806
           3420         288906       -478.806
           3430         289906       -478.806
           3440         290906       -476.480
           3450         291906       -476.480
           3460         292906       -458.792
           3470         293906       -458.792
           3480         294906       -458.792
           3490         295906       -476.480
           3500         296906       -476.950
           3510         297835       -489.048
           3520         298835       -476.950
           3530         299835       -476.950
           3540         300835       -476.480
           3550         301835       -476.480
           3560         302835       -476.480
           3570         303835       -476.480
           3580         304835       -476.480
           3590         305835       -489.048
           3600         306835       -539.738
           3610         307835       -521.457
           3620         308835       -527.530
           3630         309835       -476.480
           3640         310835       -476.480
           3650         311835       -476.480
           3660         312835       -476.480
           3670         313835       -476.480
           3680         314835       -476.480
           3690         315835       -476.480
           3700         316835       -476.480
           3710         317757       -476.480
           3720         318691       -476.480
           3730         319691       -476.480
           3740         320691       -476.480
           3750         321691       -476.480
           3760         322691       -514.830
           3770         323691       -458.792
           3780         324691       -458.792
           3790         325691       -458.792
           3800         326691       -458.792
           3810         327691       -458.792
           3820         328691       -476.480
           3830         329691       -476.480
           3840         330691       -476.480
           3850         331691       -476.480
           3860         332691       -458.792
           3870         333691       -476.480
           3880         334691       -476.480
           3890         335659       -476.480
           3900         336659       -476.480
           3910         337598       -476.480
           3920         338598       -476.480
           3930         339598       -476.480
           3940         340598       -476.480
           3950         341598       -476.480
           3960         342598       -476.480
           3970         343598       -514.830
           3980         344598       -476.480
           3990         345598       -476.480
           4000         346598       -476.480
           4010         347598       -476.480
           4020         348598       -476.480
           4030         349598       -476.480
           4040         350598       -476.480
           4050         351598       -476.480
           4060         352598       -476.480
           4070         353598       -476.480
           4080         354598       -476.480
           4090         355598       -476.480
           4100         356598       -476.480
           4110         357598       -476.480
           4120         358598       -476.480
           4130         359598       -476.480
           4140         360598       -476.480
           4150         361598       -514.830
           4160         362598       -476.480
           4170         363598       -476.480
           4180         364598       -476.480
           4190         365598       -476.480
           4200         366598       -476.480
           4210         367598       -476.480
           4220         368598       -476.480
           4230         369598       -476.480
           4240         370598       -476.480
           4250         371598       -476.480
           4260         372598       -476.480
           4270         373598       -476.480
           4280         374598       -476.480
           4290         375598       -476.480
           4300         376598       -476.480
           4310         377598       -476.480
           4320         378598       -476.480
           4330         379598       -476.480
           4340         380598       -476.480
           4350         381598       -476.480
           4360         382598       -476.480
           4370         383598       -476.480
           4380         384598       -476.480
           4390         385598       -476.480
           4400         386598       -458.792
           4410         387598       -458.792
           4420         388598       -458.792
           4430         389598       -458.792
           4440         390598       -458.792
           4450         391598       -458.792
           4460         392598       -458.792
           4470         393598       -458.792
           4480         394598       -458.792
           4490         395598       -458.792
           4500         396598       -458.792
           4510         397598       -458.792
           4520         398598       -458.792
           4530         399598       -458.792
           4540         400598       -458.792
           4550         401598       -458.792
           4560         402598       -458.792
           4570         403598       -458.792
           4580         404598       -458.792
           4590         405598       -458.792
           4600         406598       -458.792
           4610         407598       -458.792
           4620         408598       -458.792
           4630         409598       -458.792
           4640         410598       -458.792
           4650         411598       -458.792
           4660         412598       -458.792
           4670         413598       -458.792
           4680         414598       -458.792
           4690         415598       -458.792
           4700         416598       -458.792
           4710         417598       -478.806
           4720         418598       -478.806
           4730         419598       -478.806
           4740         420598       -514.830
           4750         421598       -458.792
           4760         422598       -458.792
           4770         423598       -458.792
           4780         424598       -458.792
           4790         425598       -458.792
           4800         426598       -458.792
           4810         427598       -458.792
           4820         428598       -476.480
           4830         429598       -476.480
           4840         430598       -476.480
           4850         431598       -476.480
           4860         432598       -476.480
           4870         433598       -476.480
           4880         434598       -476.480
           4890         435598       -476.480
           4900         436598       -476.480
           4910         437598       -476.480
           4920         438598       -476.480
           4930         439598       -476.480
           4940         440598       -476.480
           4950         441598       -476.480
           4960         442598       -476.480
           4970         443598       -476.480
           4980         444598       -476.480
           4990         445598       -476.480
           5000         446598       -476.480
           5010         447598       -476.480
           5020         448598       -476.480
           5030         449598       -476.480
           5040         450598       -476.480
           5050         451598       -476.480
           5060         452598       -476.480
           5070         453598       -476.480
           5080         454598       -476.480
           5090         455598       -476.480
           5100         456598       -476.480
           5110         457598       -476.480
           5120         458598       -476.480
           5130         459598       -476.480
           5140         460598       -476.480
           5150         461598       -476.480
           5160         462598       -476.480
           5170         463598       -476.480
           5180         464598       -476.480
           5190         465598       -458.792
           5200         466598       -458.792
           5210         467598       -458.792
           5220         468598       -458.792
           5230         469598       -458.792
           5240         470598       -458.792
           5250         471598       -458.792
           5260         472598       -458.792
           5270         473598       -458.792
           5280         474598       -458.792
           5290         475598       -458.792
           5300         476598       -458.792
           5310         477598       -458.792
           5320         478598       -458.792
           5330         479598       -458.792
           5340         480598       -458.792
           5350         481598       -458.792
           5360         482598       -458.792
           5370         483598       -458.792
           5380         484598       -458.792
           5390         485598       -458.792
           5400         486598       -458.792
           5410         487598       -458.792
           5420         488598       -458.792
           5430         489598       -458.792
           5440         490598       -458.792
           5450         491598       -458.792
           5460         492598       -458.792
           5470         493598       -458.792
           5480         494598       -458.792
           5490         495598       -458.792
           5500         496598       -458.792
           5510         497598       -458.792
           5520         498598       -458.792
           5530         499598       -458.792
