             10           1000      -4934.802
             20           1921      -4934.802
             30           2836      -4589.261
             40           3765      -5508.096
             50           4765      -4934.802
             60           5642      -5246.678
             70           6642      -6050.863
             80           7642      -5351.460
             90           8642      -6051.662
            100           9567      -5949.490
            110          10567      -5700.434
            120          11526      -5655.866
            130          12479      -4769.627
            140          13424      -5612.465
            150          14329      -5546.075
            160          15329      -6015.981
            170          16329      -5911.394
            180          17329      -5802.266
            190          18319      -5657.316
            200          19298      -5284.320
            210          20298      -6334.090
            220          21228      -6295.809
            230          22228      -5678.640
            240          23228      -5389.682
            250          24192      -6415.219
            260          25134      -6396.572
            270          26096      -6096.994
            280          27096      -6150.057
            290          28092      -3761.033
            300          29080      -4367.509
            310          30080      -5614.799
            320          31037      -6373.833
            330          31991      -5207.692
            340          32927      -4119.251
            350          33927      -6284.336
            360          34927      -5888.194
            370          35895      -6378.059
            380          36890      -6024.824
            390          37890      -5646.223
            400          38880      -5297.372
            410          39880      -7074.278
            420          40845      -6144.470
            430          41845      -5657.340
            440          42836      -4872.679
            450          43836      -6990.550
            460          44836      -6725.206
            470          45789      -6523.292
            480          46757      -5466.679
            490          47757      -5906.860
            500          48741      -6479.027
            510          49732      -5966.845
            520          50732      -5744.658
            530          51732      -5571.165
            540          52732      -5959.475
            550          53713      -5847.744
            560          54713      -5326.492
            570          55713      -6316.804
            580          56685      -4131.069
            590          57685      -6789.907
            600          58652      -6314.576
            610          59559      -5960.948
            620          60555      -6085.294
            630          61555      -6067.234
            640          62555      -6374.319
            650          63555      -6045.515
            660          64555      -6346.399
            670          65548      -5239.440
            680          66548      -5623.188
            690          67548      -5482.688
            700          68548      -5312.111
            710          69548      -5271.592
            720          70548      -5544.163
            730          71548      -6425.107
            740          72518      -7187.236
            750          73506      -6025.819
            760          74506      -6957.190
            770          75480      -5925.075
            780          76471      -5795.741
            790          77471      -6487.465
            800          78471      -5988.545
            810          79438      -7436.250
            820          80438      -5845.650
            830          81438      -6279.336
            840          82438      -6364.060
            850          83438      -6844.279
            860          84438      -5900.725
            870          85422      -5421.006
            880          86391      -5763.136
            890          87386      -6527.162
            900          88386      -6300.921
            910          89386      -8035.959
            920          90386      -6817.718
            930          91357      -6371.119
            940          92339      -6211.589
            950          93293      -4654.403
            960          94293      -7452.038
            970          95273      -5904.194
            980          96273      -6390.726
            990          97203      -7630.159
           1000          98159      -6210.070
           1010          99049      -5401.201
           1020          99958      -5532.667
           1030         100908      -5759.649
           1040         101855      -6736.072
           1050         102855      -4437.593
           1060         103846      -6472.115
           1070         104747      -4934.802
           1080         105710      -6175.426
           1090         106694      -6434.386
           1100         107596      -6507.261
           1110         108596      -5321.619
           1120         109578      -5087.975
           1130         110563      -5869.506
           1140         111412      -5593.569
           1150         112335      -5987.004
           1160         113272      -6863.926
           1170         114106      -5855.603
           1180         115018      -6712.096
           1190         116018      -6159.192
           1200         116991      -6329.508
           1210         117986      -5774.119
           1220         118930      -4642.168
           1230         119930      -4775.692
           1240         120868      -6012.302
           1250         121803      -6131.080
           1260         122754      -5472.958
           1270         123701      -6159.858
           1280         124543      -5538.434
           1290         125430      -6000.267
           1300         126283      -6601.876
           1310         127155      -5152.482
           1320         128155      -5639.997
           1330         129092      -6054.640
           1340         129994      -7103.438
           1350         130877      -6948.388
           1360         131840      -5381.512
           1370         132682      -5971.305
           1380         133594      -5300.411
           1390         134569      -5164.914
           1400         135462      -5562.678
           1410         136363      -4663.713
           1420         137328      -5202.415
           1430         138308      -5663.892
           1440         139248      -6292.845
           1450         140206      -6194.176
           1460         141058      -4119.833
           1470         141964      -4685.908
           1480         142794      -3496.336
           1490         143730      -6279.172
           1500         144651      -4934.802
           1510         145510      -3805.836
           1520         146405      -6623.241
           1530         147299      -5981.333
           1540         148198      -6867.333
           1550         149106      -4934.802
           1560         150078      -5041.776
           1570         150960      -5758.270
           1580         151882      -5059.272
           1590         152805      -6341.213
           1600         153654      -3999.772
           1610         154447      -3591.733
           1620         155385      -5110.024
           1630         156358      -4934.802
           1640         157306      -5089.042
           1650         158218      -6633.933
           1660         159136      -2279.995
           1670         160037      -4870.128
           1680         160870      -3679.889
           1690         161796      -6516.195
           1700         162632      -6793.528
           1710         163441      -4823.815
           1720         164359      -4393.177
           1730         165211      -4946.981
           1740         166081      -6229.780
           1750         166882      -4153.952
           1760         167667      -7442.636
           1770         168490      -7026.289
           1780         169269      -7214.564
           1790         170093      -6103.215
           1800         170940      -4945.337
           1810         171731      -5404.137
           1820         172554      -5228.843
           1830         173399      -4922.869
           1840         174240      -4309.008
           1850         175040      -3547.473
           1860         175882      -3267.667
           1870         176730      -4146.294
           1880         177667      -4979.659
           1890         178565      -6425.524
           1900         179354      -4574.041
           1910         180115      -5509.320
           1920         180954      -5252.287
           1930         181815      -5257.684
           1940         182623      -6665.612
           1950         183363      -4361.106
           1960         184110      -4675.711
           1970         184892      -2266.685
           1980         185626      -3768.644
           1990         186418      -5389.393
           2000         187297      -3326.209
           2010         188058     -10323.825
           2020         188938      -2577.549
           2030         189781      -4874.881
           2040         190675      -1983.254
           2050         191459      -4308.176
           2060         192304      -3455.161
           2070         193171      -3896.705
           2080         193990      -2205.682
           2090         194776      -5558.199
           2100         195563      -4221.390
           2110         196446      -2208.082
           2120         197196      -2142.441
           2130         198020      -5298.153
           2140         198844      -5804.645
           2150         199718      -2854.385
           2160         200527      -2028.679
           2170         201337      -2391.589
           2180         202064      -4170.192
           2190         202914      -1670.177
           2200         203663      -4297.204
           2210         204490      -4297.204
           2220         205358      -4297.204
           2230         206164      -2481.909
           2240         206940      -4137.315
           2250         207727      -2122.203
           2260         208507      -2254.788
           2270         209261      -2358.771
           2280         210092      -1655.129
           2290         210907      -1715.594
           2300         211663      -1618.719
           2310         212579      -2558.600
           2320         213425      -1944.647
           2330         214332      -1790.724
           2340         215179      -1769.441
           2350         216047      -1727.595
           2360         217016      -1721.980
           2370         217989      -1816.775
           2380         218869      -1816.775
           2390         219869      -1758.511
           2400         220721      -1712.032
           2410         221607      -2022.577
           2420         222504      -2068.438
           2430         223321      -1738.594
           2440         224181      -1680.872
           2450         225086      -1665.029
           2460         225958      -2207.866
           2470         226751      -1354.757
           2480         227669      -1354.757
           2490         228593      -3109.191
           2500         229514      -1330.359
           2510         230499      -1354.757
           2520         231426      -1354.757
           2530         232395      -1354.757
           2540         233395      -1356.030
           2550         234395      -2416.508
           2560         235395      -1354.757
           2570         236395      -1328.013
           2580         237339      -1328.013
           2590         238275      -1328.013
           2600         239275      -1328.013
           2610         240275      -1328.013
           2620         241258      -1309.971
           2630         242218      -3204.222
           2640         243123      -1328.013
           2650         244001      -1328.013
           2660         244963      -1671.854
           2670         245933      -1671.854
           2680         246674      -1346.007
           2690         247661      -3647.329
           2700         248550      -1337.616
           2710         249494      -1328.013
           2720         250494      -1328.013
           2730         251449      -1318.839
           2740         252406      -1318.839
           2750         253357      -1319.849
           2760         254319      -1355.881
           2770         255319      -1355.881
           2780         256319      -1291.001
           2790         257300      -1291.001
           2800         258300      -1291.001
           2810         259214      -1291.001
           2820         260152      -1355.881
           2830         261152      -1355.881
           2840         262052      -1355.881
           2850         263052      -1319.609
           2860         263988      -1319.609
           2870         264936      -1338.074
           2880         265936      -1338.074
           2890         266896      -1338.074
           2900         267831      -1338.074
           2910         268774      -1338.074
           2920         269709      -1338.074
           2930         270709      -1407.910
           2940         271696      -1319.609
           2950         272676      -1338.074
           2960         273616      -1338.074
           2970         274571      -1338.074
           2980         275512      -1364.164
           2990         276512      -1338.074
           3000         277512      -1338.074
           3010         278512      -1338.074
           3020         279444      -1338.074
           3030         280408      -1338.074
           3040         281281      -1338.074
           3050         282074      -1338.074
           3060         283074      -1338.074
           3070         284074      -1338.074
           3080         285056      -1338.074
           3090         286002      -1338.074
           3100         287002      -1338.074
           3110         287996      -1338.074
           3120         288937      -1338.074
           3130         289926      -1338.074
           3140         290926      -1338.074
           3150         291866      -1338.074
           3160         292814      -1338.074
           3170         293710      -1338.074
           3180         294657      -1338.074
           3190         295614      -1338.074
           3200         296551      -1338.074
           3210         297551      -1338.074
           3220         298551      -1338.074
           3230         299551      -1338.074
           3240         300551      -1338.074
           3250         301551      -1338.074
           3260         302529      -1338.074
           3270         303472      -1338.074
           3280         304427      -1338.074
           3290         305342      -1338.074
           3300         306314      -1338.074
           3310         307314      -1338.074
           3320         308314      -1338.074
           3330         309214      -1338.074
           3340         310214      -1338.074
           3350         311188      -1338.074
           3360         312188      -1338.074
           3370         313144      -1338.074
           3380         314144      -1348.446
           3390         315083      -1338.074
           3400         316083      -1338.074
           3410         316995      -1338.074
           3420         317995      -1338.074
           3430         318995      -1338.074
           3440         319995      -1338.074
           3450         320995      -1338.074
           3460         321941      -1364.164
           3470         322881      -1281.973
           3480         323881      -1364.164
           3490         324881      -1281.973
           3500         325818      -1281.973
           3510         326818      -1378.147
           3520         327776      -1300.134
           3530         328776      -1300.134
           3540         329715      -1300.134
           3550         330691      -1300.134
           3560         331691      -1300.134
           3570         332691      -1300.134
           3580         333691      -1300.134
           3590         334656      -1300.134
           3600         335656      -1300.134
           3610         336656      -1348.676
           3620         337656      -1348.676
           3630         338597      -1348.676
           3640         339597      -1348.676
           3650         340597      -1340.130
           3660         341597      -1338.074
           3670         342597      -1338.074
           3680         343597      -1338.074
           3690         344597      -1338.074
           3700         345533      -1338.074
           3710         346533      -1338.074
           3720         347533      -1338.074
           3730         348497      -1338.074
           3740         349497      -1338.074
           3750         350497      -1338.074
           3760         351436      -1338.074
           3770         352436      -1348.676
           3780         353436      -1338.074
           3790         354428      -1348.676
           3800         355428      -1348.676
           3810         356428      -1348.676
           3820         357262      -1348.676
           3830         358262      -1340.130
           3840         359262      -1340.130
           3850         360174      -1340.130
           3860         361174      -1338.074
           3870         362174      -1338.074
           3880         363115      -1338.074
           3890         364053      -1338.074
           3900         364928      -1338.074
           3910         365928      -1338.074
           3920         366918      -1407.910
           3930         367918      -1338.074
           3940         368918      -1347.686
           3950         369918      -1347.686
           3960         370856      -1309.484
           3970         371795      -1329.616
           3980         372795      -1329.616
           3990         373795      -1329.616
           4000         374795      -1329.616
           4010         375795      -1329.616
           4020         376795      -1329.616
           4030         377795      -1329.616
           4040         378731      -1329.616
           4050         379731      -1329.616
           4060         380731      -1329.616
           4070         381731      -1329.616
           4080         382668      -1329.616
           4090         383668      -1329.616
           4100         384668      -1407.910
           4110         385668      -1309.484
           4120         386607      -1309.484
           4130         387547      -1309.484
           4140         388547      -1309.484
           4150         389547      -1309.484
           4160         390547      -1346.519
           4170         391547      -1346.519
           4180         392501      -1337.566
           4190         393464      -1337.566
           4200         394464      -1309.353
           4210         395464      -1369.202
           4220         396450      -1309.353
           4230         397450      -1309.353
           4240         398412      -1337.566
           4250         399412      -1337.566
           4260         400412      -1338.074
           4270         401347      -1338.074
           4280         402347      -1338.074
           4290         403347      -1338.074
           4300         404347      -1338.074
           4310         405347      -1338.074
           4320         406347      -1338.074
           4330         407347      -1338.074
           4340         408347      -1338.074
           4350         409347      -1338.074
           4360         410347      -1338.074
           4370         411347      -1338.074
           4380         412347      -1338.074
           4390         413347      -1338.074
           4400         414347      -1338.074
           4410         415347      -1338.074
           4420         416347      -1338.074
           4430         417347      -1338.074
           4440         418347      -1338.074
           4450         419347      -1338.074
           4460         420347      -1338.074
           4470         421347      -1338.074
           4480         422347      -1338.074
           4490         423307      -1346.519
           4500         424307      -1338.074
           4510         425276      -1338.074
           4520         426276      -1338.074
           4530         427229      -1338.074
           4540         428229      -1338.074
           4550         429229      -1338.074
           4560         430229      -1338.074
           4570         431229      -1338.074
           4580         432229      -1338.074
           4590         433229      -1338.074
           4600         434167      -1338.074
           4610         435167      -1338.074
           4620         436167      -1338.074
           4630         437167      -1338.074
           4640         438122      -1338.074
           4650         439122      -1338.074
           4660         440122      -1338.074
           4670         441122      -1338.074
           4680         442122      -1338.074
           4690         443122      -1338.074
           4700         444122      -1338.074
           4710         445059      -1338.074
           4720         446059      -1338.074
           4730         447059      -1338.074
           4740         448059      -1338.074
           4750         449059      -1338.074
           4760         450059      -1338.074
           4770         451059      -1338.074
           4780         452059      -1338.074
           4790         452996      -1338.074
           4800         453996      -1338.074
           4810         454996      -1338.074
           4820         455996      -1338.074
           4830         456996      -1338.074
           4840         457996      -1338.074
           4850         458996      -1338.074
           4860         459937      -1338.074
           4870         460937      -1338.074
           4880         461937      -1338.074
           4890         462937      -1338.074
           4900         463937      -1338.074
           4910         464937      -1338.074
           4920         465937      -1338.074
           4930         466937      -1338.074
           4940         467937      -1338.074
           4950         468937      -1338.074
           4960         469937      -1338.074
           4970         470937      -1338.074
           4980         471937      -1338.074
           4990         472937      -1338.074
           5000         473881      -1338.074
           5010         474860      -1338.074
           5020         475860      -1338.074
           5030         476860      -1338.074
           5040         477860      -1338.074
           5050         478860      -1338.074
           5060         479860      -1338.074
           5070         480860      -1338.074
           5080         481860      -1338.074
           5090         482860      -1338.074
           5100         483860      -1338.074
           5110         484860      -1338.074
           5120         485860      -1338.074
           5130         486860      -1338.074
           5140         487860      -1338.074
           5150         488860      -1338.074
           5160         489860      -1338.074
           5170         490860      -1338.074
           5180         491860      -1338.074
           5190         492860      -1338.074
           5200         493860      -1338.074
           5210         494860      -1338.074
           5220         495860      -1338.074
           5230         496860      -1338.074
           5240         497860      -1338.074
           5250         498860      -1338.074
           5260         499860      -1338.074
