             10            208      -1460.344
             20            451      -1226.081
             30           1061      -2722.945
             40           1528      -2694.903
             50           2090      -3016.068
             60           2723      -4934.802
             70           3494      -3145.562
             80           4203      -6291.490
             90           4924      -5220.245
            100           5802      -6282.170
            110           6656      -4934.802
            120           7441      -6168.131
            130           8150      -5435.354
            140           9024      -2180.129
            150           9884      -6183.105
            160          10682      -5415.262
            170          11550      -6500.019
            180          12409      -5764.413
            190          13340      -6189.177
            200          14155      -5212.536
            210          15066      -6400.761
            220          15909      -6592.531
            230          16804      -3333.672
            240          17707      -5951.411
            250          18491      -5270.816
            260          19299      -6582.203
            270          20243      -7609.950
            280          21076      -4934.802
            290          21944      -5661.776
            300          22836      -5840.172
            310          23831      -6798.222
            320          24690      -4472.853
            330          25406      -7124.739
            340          26284      -6043.503
            350          27129      -5038.404
            360          28014      -6311.925
            370          28977      -3648.288
            380          29887      -5730.537
            390          30692      -8145.965
            400          31692      -6129.657
            410          32658      -6066.823
            420          33602      -6828.603
            430          34408      -5862.911
            440          35243      -6767.557
            450          35994      -6054.706
            460          36871      -4350.191
            470          37579      -8143.183
            480          38290      -6283.067
            490          39175       -841.065
            500          39915      -2647.851
            510          40585      -2871.911
            520          41283       -846.547
            530          41911      -4497.744
            540          42652      -2314.229
            550          43334      -6745.125
            560          44081      -5561.529
            570          44747      -5732.039
            580          45260      -4910.220
            590          45885      -6417.315
            600          46467      -4176.916
            610          47131      -5576.889
            620          47877      -4790.538
            630          48740      -3216.695
            640          49344      -3224.836
            650          50152      -3733.393
            660          50695      -4494.584
            670          51368      -7034.778
            680          52252      -5693.757
            690          52829      -1891.849
            700          53415       -829.908
            710          53834      -6433.924
            720          54411      -2007.953
            730          54920      -5109.364
            740          55615      -2183.721
            750          56186       -865.819
            760          56663      -1918.815
            770          57366       -817.700
            780          57779       -828.754
            790          58317       -820.871
            800          58821      -3375.470
            810          59380      -3546.358
            820          59776      -2439.000
            830          60235       -891.420
            840          60825       -830.838
            850          61153       -834.059
            860          61734      -2010.090
            870          62243       -789.346
            880          62666      -1993.622
            890          63159      -3546.980
            900          63811      -1227.858
            910          64637      -6807.479
            920          65334      -7227.946
            930          65960      -1842.332
            940          66500       -767.590
            950          67122       -792.160
            960          67719      -3398.747
            970          68393      -4676.881
            980          69004       -814.904
            990          69612      -1996.889
           1000          70140       -939.086
           1010          70649       -829.625
           1020          71114       -758.769
           1030          71685       -840.943
           1040          72098       -951.147
           1050          72732      -2163.764
           1060          73284      -1997.260
           1070          73822      -3850.141
           1080          74394       -860.192
           1090          74907      -3199.995
           1100          75586       -817.353
           1110          76156      -1811.938
           1120          76902       -874.407
           1130          77633      -2420.410
           1140          78201       -785.410
           1150          78803       -892.729
           1160          79434      -5537.079
           1170          79932       -912.978
           1180          80403      -2242.153
           1190          81117      -1955.417
           1200          81604       -820.600
           1210          82039       -805.049
           1220          82456       -833.111
           1230          82967      -4266.188
           1240          83322       -900.218
           1250          83684       -803.967
           1260          84267       -803.653
           1270          84794       -992.767
           1280          85421       -825.580
           1290          86091      -4140.765
           1300          86648       -807.555
           1310          87233      -3878.096
           1320          87772       -761.988
           1330          88268       -780.744
           1340          88750       -843.751
           1350          89145       -776.442
           1360          89676       -801.284
           1370          90278       -829.825
           1380          90702      -2695.946
           1390          91106      -4461.356
           1400          91632      -4994.328
           1410          92005       -716.732
           1420          92490      -1857.865
           1430          92995      -3186.339
           1440          93593       -823.141
           1450          94100       -738.728
           1460          94654       -826.663
           1470          95217       -804.027
           1480          95959       -939.519
           1490          96586       -933.934
           1500          97045       -683.640
           1510          97578       -799.026
           1520          98097       -810.747
           1530          98645       -860.238
           1540          99141      -2411.458
           1550          99723      -2006.627
           1560         100326      -3963.430
           1570         100988       -829.426
           1580         101653       -851.831
           1590         102346      -3630.859
           1600         102995       -552.658
           1610         103766       -824.583
           1620         104646      -1003.880
           1630         105348       -556.539
           1640         106123       -528.771
           1650         106934      -2162.882
           1660         107662       -488.723
           1670         108244       -664.088
           1680         108962      -2389.062
           1690         109678       -591.170
           1700         110474       -510.829
           1710         111360       -519.636
           1720         112281       -557.234
           1730         113173       -519.636
           1740         114014       -519.636
           1750         114924       -538.470
           1760         115824       -549.838
           1770         116709       -519.636
           1780         117527       -519.636
           1790         118424       -519.636
           1800         119356       -519.636
           1810         120108       -519.636
           1820         121000       -519.636
           1830         121854       -519.636
           1840         122750       -519.636
           1850         123610       -519.636
           1860         124496       -500.673
           1870         125465       -630.611
           1880         126303       -665.617
           1890         127224       -537.348
           1900         128175       -533.892
           1910         128963       -604.083
           1920         129910       -553.812
           1930         130653       -503.641
           1940         131623      -3253.825
           1950         132430       -491.193
           1960         133404       -491.193
           1970         134264       -549.372
           1980         135189       -480.649
           1990         136125       -508.077
           2000         136945       -827.156
           2010         137787       -537.339
           2020         138662       -537.339
           2030         139501       -500.167
           2040         140368       -500.167
           2050         141241       -503.641
           2060         142102       -503.641
           2070         142956       -503.641
           2080         143819       -503.641
           2090         144816       -503.641
           2100         145745       -503.641
           2110         146571       -503.641
           2120         147504       -503.641
           2130         148286       -503.641
           2140         149223       -519.913
           2150         150163       -500.450
           2160         151093       -519.913
           2170         152093       -501.402
           2180         153010       -489.569
           2190         153837       -547.088
           2200         154837       -547.088
           2210         155762       -517.806
           2220         156688       -511.920
           2230         157544       -511.920
           2240         158463       -511.920
           2250         159463       -511.920
           2260         160463       -511.920
           2270         161408       -534.458
           2280         162390       -534.458
           2290         163267       -498.924
           2300         164195       -548.183
           2310         165137       -558.991
           2320         166079       -531.735
           2330         167012       -498.924
           2340         168012       -548.183
           2350         168943       -548.646
           2360         169820       -548.646
           2370         170732       -512.616
           2380         171644       -529.548
           2390         172619       -529.548
           2400         173546       -480.649
           2410         174546       -556.188
           2420         175546       -556.188
           2430         176540       -500.673
           2440         177414       -520.155
           2450         178414       -520.155
           2460         179366       -520.155
           2470         180366       -520.155
           2480         181309       -520.155
           2490         182309       -520.155
           2500         183058       -531.514
           2510         183982       -531.514
           2520         184969       -531.514
           2530         185836       -569.704
           2540         186728       -575.188
           2550         187566       -561.591
           2560         188433       -490.828
           2570         189306       -490.828
           2580         190228       -490.828
           2590         191195       -490.828
           2600         192111       -519.993
           2610         193111       -490.828
           2620         194021       -519.993
           2630         194943       -510.665
           2640         195627       -519.636
           2650         196627       -519.636
           2660         197578       -519.636
           2670         198578       -519.636
           2680         199578       -519.636
           2690         200578       -519.636
           2700         201542       -519.636
           2710         202542       -519.636
           2720         203542       -519.636
           2730         204542       -547.250
           2740         205542       -509.814
           2750         206469       -509.814
           2760         207340       -509.814
           2770         208224       -509.814
           2780         209206       -509.814
           2790         210206       -509.814
           2800         211159       -544.703
           2810         212159       -519.636
           2820         213159       -519.636
           2830         214081       -519.636
           2840         215004       -519.636
           2850         216004       -519.636
           2860         217004       -519.636
           2870         218004       -537.567
           2880         219004       -519.636
           2890         220004       -519.636
           2900         220932       -519.636
           2910         221932       -519.636
           2920         222932       -525.432
           2930         223932       -519.636
           2940         224932       -537.567
           2950         225932       -519.636
           2960         226808       -537.567
           2970         227808       -537.567
           2980         228808       -537.567
           2990         229808       -519.636
           3000         230808       -480.649
           3010         231808       -480.649
           3020         232808       -480.649
           3030         233747       -480.649
           3040         234747       -480.649
           3050         235747       -480.649
           3060         236747       -480.649
           3070         237747       -480.649
           3080         238671       -480.649
           3090         239671       -480.649
           3100         240671       -480.649
           3110         241671       -480.649
           3120         242671       -480.649
           3130         243669       -480.649
           3140         244669       -480.649
           3150         245669       -480.649
           3160         246602       -480.649
           3170         247559       -480.649
           3180         248559       -480.649
           3190         249559       -525.432
           3200         250559       -519.636
           3210         251559       -519.636
           3220         252512       -480.649
           3230         253512       -480.649
           3240         254512       -480.649
           3250         255512       -480.649
           3260         256512       -519.636
           3270         257434       -519.636
           3280         258434       -519.636
           3290         259434       -519.636
           3300         260434       -519.636
           3310         261433       -519.636
           3320         262359       -519.636
           3330         263359       -519.636
           3340         264302       -519.636
           3350         265302       -519.636
           3360         266302       -519.636
           3370         267258       -519.636
           3380         268165       -519.636
           3390         269165       -519.636
           3400         270165       -519.636
           3410         271165       -537.567
           3420         272165       -519.636
           3430         273165       -519.636
           3440         274165       -519.636
           3450         275165       -519.636
           3460         276165       -519.636
           3470         277165       -519.636
           3480         278131       -519.636
           3490         279131       -519.636
           3500         280131       -519.636
           3510         281131       -519.636
           3520         282062       -519.636
           3530         283050       -537.348
           3540         284050       -548.636
           3550         285050       -540.577
           3560         286050       -519.472
           3570         287035       -519.472
           3580         288035       -490.725
           3590         288961       -512.728
           3600         289961       -490.725
           3610         290961       -490.725
           3620         291961       -490.725
           3630         292961       -490.725
           3640         293855       -481.091
           3650         294855       -511.696
           3660         295855       -509.931
           3670         296855       -509.931
           3680         297855       -509.931
           3690         298855       -509.931
           3700         299779       -509.931
           3710         300779       -509.931
           3720         301700       -509.931
           3730         302626       -509.931
           3740         303550       -509.931
           3750         304550       -509.931
           3760         305550       -509.931
           3770         306550       -509.931
           3780         307507       -509.931
           3790         308507       -509.931
           3800         309507       -509.931
           3810         310507       -509.931
           3820         311507       -509.931
           3830         312507       -509.931
           3840         313507       -509.931
           3850         314507       -509.931
           3860         315427       -509.931
           3870         316427       -509.931
           3880         317427       -509.931
           3890         318366       -509.931
           3900         319366       -509.931
           3910         320290       -509.931
           3920         321290       -509.931
           3930         322290       -509.931
           3940         323290       -509.931
           3950         324290       -509.931
           3960         325290       -509.931
           3970         326290       -509.931
           3980         327290       -509.931
           3990         328211       -509.931
           4000         329211       -509.931
           4010         330211       -582.049
           4020         331211       -519.263
           4030         332211       -528.128
           4040         333211       -509.931
           4050         334132       -509.931
           4060         335132       -509.931
           4070         336132       -509.931
           4080         337132       -509.931
           4090         338132       -509.931
           4100         339132       -510.665
           4110         340132       -510.665
           4120         341132       -510.665
           4130         342132       -510.665
           4140         343132       -510.665
           4150         344132       -519.636
           4160         345132       -519.636
           4170         346132       -519.636
           4180         347132       -519.636
           4190         348132       -519.636
           4200         349132       -519.636
           4210         350132       -519.636
           4220         351132       -519.636
           4230         352064       -519.636
           4240         353064       -519.636
           4250         354064       -519.636
           4260         355064       -519.636
           4270         356006       -519.636
           4280         357006       -519.636
           4290         358006       -519.636
           4300         359006       -519.636
           4310         360006       -519.636
           4320         361006       -519.636
           4330         362006       -519.636
           4340         363006       -519.636
           4350         364006       -519.636
           4360         365006       -519.636
           4370         366006       -519.636
           4380         367006       -519.636
           4390         368006       -480.649
           4400         369006       -480.649
           4410         370006       -480.649
           4420         371006       -480.649
           4430         372006       -480.649
           4440         373006       -519.636
           4450         374006       -519.636
           4460         375006       -519.636
           4470         376006       -519.636
           4480         377006       -519.636
           4490         378006       -519.636
           4500         379006       -519.636
           4510         380006       -537.567
           4520         381006       -537.567
           4530         382006       -519.636
           4540         383006       -537.567
           4550         384006       -519.636
           4560         385006       -519.636
           4570         386006       -519.636
           4580         387006       -519.636
           4590         388006       -519.636
           4600         389006       -519.636
           4610         390006       -519.636
           4620         391006       -519.636
           4630         392006       -519.636
           4640         393006       -519.636
           4650         394006       -519.636
           4660         395006       -519.636
           4670         396006       -519.636
           4680         396958       -519.636
           4690         397958       -519.636
           4700         398958       -519.636
           4710         399958       -519.636
           4720         400958       -519.636
           4730         401958       -519.636
           4740         402958       -519.636
           4750         403958       -519.636
           4760         404958       -519.636
           4770         405958       -519.636
           4780         406958       -537.567
           4790         407958       -537.567
           4800         408958       -552.815
           4810         409958       -546.054
           4820         410958       -509.579
           4830         411958       -509.579
           4840         412958       -556.188
           4850         413958       -546.054
           4860         414958       -509.003
           4870         415958       -497.688
           4880         416885       -539.569
           4890         417885       -497.688
           4900         418885       -497.688
           4910         419885       -497.688
           4920         420885       -497.688
           4930         421885       -497.688
           4940         422885       -497.688
           4950         423885       -497.688
           4960         424885       -497.688
           4970         425885       -497.688
           4980         426885       -497.688
           4990         427885       -497.688
           5000         428885       -497.688
           5010         429885       -497.688
           5020         430885       -497.688
           5030         431885       -497.688
           5040         432885       -497.688
           5050         433885       -497.688
           5060         434885       -497.688
           5070         435885       -497.688
           5080         436885       -497.688
           5090         437885       -497.688
           5100         438885       -497.688
           5110         439885       -497.688
           5120         440885       -497.688
           5130         441885       -497.688
           5140         442885       -497.688
           5150         443885       -497.688
           5160         444885       -497.688
           5170         445885       -497.688
           5180         446885       -497.688
           5190         447885       -497.688
           5200         448885       -497.688
           5210         449885       -497.688
           5220         450885       -497.688
           5230         451885       -497.688
           5240         452885       -497.688
           5250         453885       -497.688
           5260         454885       -497.688
           5270         455885       -497.688
           5280         456885       -497.688
           5290         457885       -497.688
           5300         458885       -497.688
           5310         459885       -497.688
           5320         460885       -497.688
           5330         461885       -497.688
           5340         462885       -497.688
           5350         463885       -497.688
           5360         464885       -497.688
           5370         465885       -497.688
           5380         466885       -497.688
           5390         467885       -497.688
           5400         468885       -497.688
           5410         469885       -497.688
           5420         470885       -497.688
           5430         471885       -497.688
           5440         472885       -497.688
           5450         473885       -497.688
           5460         474885       -497.688
           5470         475885       -497.688
           5480         476885       -497.688
           5490         477885       -497.688
           5500         478885       -497.688
           5510         479885       -497.688
           5520         480885       -497.688
           5530         481885       -497.688
           5540         482885       -497.688
           5550         483885       -497.688
           5560         484885       -497.688
           5570         485885       -497.688
           5580         486885       -497.688
           5590         487885       -497.688
           5600         488885       -497.688
           5610         489885       -497.688
           5620         490885       -497.688
           5630         491885       -497.688
           5640         492885       -497.688
           5650         493885       -497.688
           5660         494885       -497.688
           5670         495885       -497.688
           5680         496885       -497.688
           5690         497885       -497.688
           5700         498885       -497.688
           5710         499885       -497.688
