             10            218      -1221.236
             20            479      -1536.520
             30           1066      -1433.399
             40           1680      -1731.344
             50           2128      -2044.849
             60           2808      -4934.802
             70           3439      -2771.261
             80           4208      -3942.292
             90           4983      -2452.737
            100           5705      -5700.412
            110           6549      -6122.123
            120           7215      -6385.848
            130           8012      -5073.325
            140           8923      -6145.696
            150           9820      -5873.046
            160          10623      -5639.898
            170          11421      -4474.334
            180          12341      -6526.885
            190          13264      -5550.524
            200          14119      -6690.270
            210          15007      -5393.427
            220          15889      -5902.163
            230          16700      -2986.857
            240          17556      -6492.583
            250          18392      -6384.394
            260          19306      -5690.051
            270          20235      -7703.958
            280          21210      -6684.747
            290          22134      -5624.102
            300          22945      -7075.072
            310          23730      -3341.187
            320          24724      -5579.554
            330          25541      -6640.824
            340          26280      -5653.846
            350          27165      -7081.340
            360          28120      -5634.885
            370          29120      -4934.802
            380          30076      -5633.743
            390          30844      -6098.913
            400          31779      -6032.988
            410          32636      -6222.082
            420          33523      -8100.655
            430          34302      -4061.319
            440          35041      -6500.463
            450          35927      -7160.427
            460          36704      -2779.251
            470          37393      -6991.921
            480          38142      -4789.325
            490          38993      -7752.824
            500          39839      -6670.416
            510          40557      -4881.563
            520          41300      -3970.460
            530          41989      -4222.815
            540          42713      -2037.356
            550          43309      -5628.301
            560          44055      -5578.132
            570          44885      -1936.663
            580          45743      -4463.974
            590          46480      -5100.498
            600          47262      -5560.107
            610          48001      -6232.376
            620          48626       -730.409
            630          49323      -3581.054
            640          49981      -5317.525
            650          50638      -1035.576
            660          51390      -4375.874
            670          52051      -3094.071
            680          52714      -5779.357
            690          53401      -4469.133
            700          53936      -5713.366
            710          54521      -2946.906
            720          55174      -2877.864
            730          55616      -3552.257
            740          56167       -890.001
            750          56753      -7837.298
            760          57283      -2343.356
            770          57794      -5795.317
            780          58283      -2103.172
            790          58627       -777.247
            800          59222       -769.975
            810          59822       -920.677
            820          60392       -834.297
            830          61077      -5322.927
            840          61699       -853.261
            850          62291      -1996.396
            860          62714       -813.004
            870          63156      -2158.351
            880          63848      -1001.124
            890          64323       -822.618
            900          64834       -826.707
            910          65375       -832.366
            920          65902      -3496.919
            930          66603      -5243.309
            940          67176      -3852.703
            950          67702       -945.638
            960          68165       -806.479
            970          68736       -986.190
            980          69227      -2007.059
            990          69762       -899.559
           1000          70258      -5181.174
           1010          70816       -800.913
           1020          71174       -832.143
           1030          71763       -720.253
           1040          72380       -945.520
           1050          72952      -2422.636
           1060          73517      -3727.043
           1070          74105       -896.416
           1080          74584      -4541.481
           1090          75021       -860.400
           1100          75421       -804.981
           1110          76109       -797.257
           1120          76762      -2309.772
           1130          77295      -1994.838
           1140          77883       -811.799
           1150          78416      -2685.713
           1160          78992       -785.382
           1170          79582      -3004.493
           1180          80081      -2206.815
           1190          80642      -2672.013
           1200          81141      -5168.702
           1210          81706      -3902.773
           1220          82393      -2842.107
           1230          82840      -2890.440
           1240          83231      -2968.755
           1250          83786       -836.334
           1260          84171       -981.386
           1270          84755       -798.323
           1280          85123       -804.696
           1290          85613       -870.836
           1300          86162      -3807.774
           1310          86615      -4800.213
           1320          87199      -4084.025
           1330          87772      -2571.326
           1340          88290      -4292.874
           1350          88932      -2000.269
           1360          89687      -4273.135
           1370          90241      -2085.802
           1380          90924       -851.207
           1390          91398       -922.778
           1400          92049      -1661.274
           1410          92560       -900.551
           1420          93191       -653.741
           1430          93924       -891.848
           1440          94515       -844.184
           1450          94991      -3316.798
           1460          95620      -1872.730
           1470          96148      -5977.944
           1480          96828       -792.292
           1490          97482       -847.172
           1500          98122       -557.982
           1510          98723       -852.657
           1520          99398      -2399.251
           1530         100023       -591.670
           1540         100721      -1935.748
           1550         101381       -846.957
           1560         101973      -1007.017
           1570         102507       -852.479
           1580         103156       -522.969
           1590         103949       -541.323
           1600         104883       -514.169
           1610         105648       -824.984
           1620         106466       -824.984
           1630         107443       -495.206
           1640         108401       -495.206
           1650         109209       -525.581
           1660         110007       -636.202
           1670         110821       -523.037
           1680         111477       -534.808
           1690         112305       -870.598
           1700         113030      -2764.066
           1710         113839       -553.955
           1720         114693       -515.341
           1730         115541       -533.890
           1740         116434       -533.890
           1750         117269       -841.042
           1760         118025       -562.435
           1770         118963       -533.890
           1780         119872       -533.890
           1790         120739      -2098.568
           1800         121573       -533.890
           1810         122500       -533.890
           1820         123262       -533.890
           1830         124055       -533.890
           1840         124907       -525.326
           1850         125664       -525.326
           1860         126591       -883.318
           1870         127321       -812.731
           1880         128133       -516.200
           1890         128993       -536.031
           1900         129852       -524.419
           1910         130810       -524.419
           1920         131667       -533.890
           1930         132596       -533.890
           1940         133568       -533.890
           1950         134567       -541.443
           1960         135567       -541.443
           1970         136544       -541.443
           1980         137374       -541.443
           1990         138353       -546.237
           2000         139280       -533.890
           2010         140212       -533.890
           2020         141088       -533.890
           2030         142088       -494.881
           2040         143069       -494.881
           2050         144069       -494.881
           2060         145039       -494.468
           2070         146033       -494.468
           2080         147033       -494.468
           2090         148033       -494.468
           2100         149033       -494.468
           2110         149954       -494.468
           2120         150872       -494.468
           2130         151859       -494.468
           2140         152841       -523.299
           2150         153792       -523.299
           2160         154597       -533.890
           2170         155518       -533.890
           2180         156449       -533.890
           2190         157302       -533.890
           2200         158237       -545.718
           2210         159166       -533.890
           2220         160068       -538.778
           2230         161068       -533.890
           2240         162068       -541.443
           2250         163023       -504.442
           2260         164023       -504.442
           2270         165023       -504.442
           2280         165986       -533.890
           2290         166862       -533.890
           2300         167862       -533.890
           2310         168862       -533.890
           2320         169679       -533.890
           2330         170679       -533.890
           2340         171679       -525.762
           2350         172653       -533.890
           2360         173653       -533.890
           2370         174588       -533.890
           2380         175562       -533.890
           2390         176562       -533.890
           2400         177536       -533.890
           2410         178449       -540.117
           2420         179428       -564.806
           2430         180297       -531.327
           2440         181222       -492.956
           2450         182163       -492.956
           2460         183128       -492.956
           2470         184081       -492.956
           2480         185007       -492.956
           2490         186007       -505.914
           2500         186965       -504.792
           2510         187809       -505.914
           2520         188732       -505.914
           2530         189721       -505.914
           2540         190587       -505.914
           2550         191587       -505.914
           2560         192584       -505.914
           2570         193506       -552.732
           2580         194484       -505.914
           2590         195484       -505.914
           2600         196484       -505.914
           2610         197464       -505.914
           2620         198464       -505.914
           2630         199464       -505.914
           2640         200421       -502.339
           2650         201421       -525.430
           2660         202348       -561.593
           2670         203324       -505.914
           2680         204324       -505.914
           2690         205324       -505.914
           2700         206250       -552.732
           2710         207167       -552.732
           2720         208107       -505.914
           2730         209027       -613.352
           2740         209944       -546.518
           2750         210879       -533.619
           2760         211879       -553.428
           2770         212879       -553.428
           2780         213802       -533.619
           2790         214802       -525.430
           2800         215802       -535.429
           2810         216802       -535.429
           2820         217802       -535.429
           2830         218748       -535.429
           2840         219703       -535.429
           2850         220703       -535.429
           2860         221703       -535.429
           2870         222678       -535.429
           2880         223602       -535.429
           2890         224564       -535.429
           2900         225564       -535.429
           2910         226538       -555.100
           2920         227538       -547.354
           2930         228538       -517.191
           2940         229413       -517.191
           2950         230340       -517.191
           2960         231340       -517.191
           2970         232317       -526.690
           2980         233294       -505.973
           2990         234294       -505.973
           3000         235229       -524.562
           3010         236229       -524.562
           3020         237229       -524.562
           3030         238209       -524.562
           3040         239209       -524.562
           3050         240156       -524.562
           3060         241127       -524.562
           3070         242127       -578.003
           3080         243092       -524.562
           3090         244025       -524.562
           3100         244984       -524.562
           3110         245984       -524.562
           3120         246951       -524.562
           3130         247951       -524.562
           3140         248951       -524.562
           3150         249951       -505.973
           3160         250951       -505.973
           3170         251951       -505.973
           3180         252951       -524.562
           3190         253951       -524.562
           3200         254947       -541.623
           3210         255893       -524.562
           3220         256843       -524.562
           3230         257843       -524.492
           3240         258799       -578.003
           3250         259799       -524.492
           3260         260799       -524.492
           3270         261771       -571.382
           3280         262771       -524.492
           3290         263727       -560.855
           3300         264727       -506.915
           3310         265727       -506.915
           3320         266727       -506.915
           3330         267727       -506.915
           3340         268699       -524.516
           3350         269699       -524.492
           3360         270699       -524.492
           3370         271699       -524.492
           3380         272644       -524.492
           3390         273644       -524.492
           3400         274644       -524.492
           3410         275563       -524.492
           3420         276563       -524.492
           3430         277563       -524.492
           3440         278563       -524.492
           3450         279408       -524.492
           3460         280408       -524.492
           3470         281408       -506.235
           3480         282408       -527.452
           3490         283408       -527.452
           3500         284408       -527.452
           3510         285408       -527.452
           3520         286362       -527.452
           3530         287362       -527.452
           3540         288362       -524.492
           3550         289362       -524.492
           3560         290314       -524.492
           3570         291314       -524.492
           3580         292314       -524.492
           3590         293314       -524.492
           3600         294314       -524.492
           3610         295314       -524.492
           3620         296314       -506.915
           3630         297314       -506.915
           3640         298314       -506.915
           3650         299296       -524.516
           3660         300296       -524.516
           3670         301296       -524.516
           3680         302296       -524.516
           3690         303296       -524.516
           3700         304296       -524.516
           3710         305296       -524.516
           3720         306296       -524.516
           3730         307296       -524.516
           3740         308296       -524.516
           3750         309296       -524.516
           3760         310296       -524.516
           3770         311296       -524.516
           3780         312296       -524.516
           3790         313296       -524.516
           3800         314296       -524.516
           3810         315296       -524.516
           3820         316296       -524.516
           3830         317296       -524.516
           3840         318296       -524.492
           3850         319296       -524.492
           3860         320296       -524.492
           3870         321220       -524.562
           3880         322220       -524.562
           3890         323220       -524.562
           3900         324220       -524.562
           3910         325183       -524.562
           3920         326183       -524.562
           3930         327183       -524.492
           3940         328183       -524.492
           3950         329183       -524.492
           3960         330171       -524.562
           3970         331171       -524.562
           3980         332171       -524.562
           3990         333171       -524.562
           4000         334171       -505.973
           4010         335171       -505.973
           4020         336171       -505.973
           4030         337171       -516.464
           4040         338171       -505.973
           4050         339171       -524.562
           4060         340171       -524.562
           4070         341171       -524.562
           4080         342171       -524.562
           4090         343171       -505.973
           4100         344171       -505.973
           4110         345171       -524.562
           4120         346171       -524.562
           4130         347171       -524.562
           4140         348171       -524.562
           4150         349171       -524.562
           4160         350171       -524.562
           4170         351171       -524.562
           4180         352171       -524.562
           4190         353171       -524.562
           4200         354171       -524.562
           4210         355171       -524.562
           4220         356171       -578.003
           4230         357171       -524.562
           4240         358171       -524.562
           4250         359171       -524.562
           4260         360171       -523.922
           4270         361171       -505.973
           4280         362171       -505.973
           4290         363171       -505.973
           4300         364171       -505.973
           4310         365171       -505.973
           4320         366171       -505.973
           4330         367171       -505.973
           4340         368171       -505.973
           4350         369171       -524.562
           4360         370171       -578.003
           4370         371171       -524.562
           4380         372171       -544.778
           4390         373171       -524.562
           4400         374171       -524.562
           4410         375171       -524.562
           4420         376171       -524.562
           4430         377171       -524.562
           4440         378171       -505.973
           4450         379171       -505.973
           4460         380171       -505.973
           4470         381171       -524.562
           4480         382171       -524.562
           4490         383171       -524.562
           4500         384171       -524.562
           4510         385171       -524.562
           4520         386171       -506.235
           4530         387171       -524.562
           4540         388171       -524.562
           4550         389171       -524.562
           4560         390171       -524.562
           4570         391171       -524.562
           4580         392171       -524.562
           4590         393171       -524.562
           4600         394171       -524.562
           4610         395171       -524.562
           4620         396171       -513.736
           4630         397171       -513.736
           4640         398171       -513.736
           4650         399171       -513.736
           4660         400171       -513.736
           4670         401171       -513.736
           4680         402171       -505.781
           4690         403171       -506.235
           4700         404091       -524.562
           4710         405091       -524.562
           4720         406091       -524.562
           4730         407091       -505.973
           4740         408033       -505.973
           4750         409033       -505.973
           4760         410033       -505.973
           4770         411033       -505.973
           4780         412033       -505.973
           4790         413033       -505.973
           4800         414033       -505.973
           4810         415033       -505.973
           4820         416033       -505.973
           4830         417033       -505.973
           4840         418033       -505.973
           4850         419033       -505.973
           4860         420033       -505.973
           4870         421033       -505.973
           4880         422033       -505.973
           4890         423033       -505.973
           4900         424033       -505.973
           4910         425033       -505.973
           4920         426033       -505.973
           4930         427033       -524.516
           4940         428033       -524.516
           4950         429033       -524.492
           4960         430033       -524.492
           4970         431033       -524.516
           4980         432033       -524.492
           4990         433033       -578.003
           5000         434033       -524.492
           5010         435033       -523.922
           5020         436033       -506.235
           5030         437033       -526.690
           5040         438033       -524.562
           5050         438997       -524.562
           5060         439997       -524.562
           5070         440997       -524.562
           5080         441997       -524.562
           5090         442997       -524.562
           5100         443997       -524.562
           5110         444997       -524.562
           5120         445997       -524.562
           5130         446997       -524.562
           5140         447997       -524.562
           5150         448997       -524.562
           5160         449997       -524.562
           5170         450997       -524.562
           5180         451997       -524.562
           5190         452997       -524.562
           5200         453997       -524.562
           5210         454997       -524.562
           5220         455997       -524.562
           5230         456997       -524.562
           5240         457997       -524.562
           5250         458997       -524.562
           5260         459997       -524.562
           5270         460997       -524.562
           5280         461997       -524.562
           5290         462997       -524.562
           5300         463997       -524.562
           5310         464997       -524.562
           5320         465997       -524.562
           5330         466997       -524.562
           5340         467997       -524.562
           5350         468997       -524.562
           5360         469997       -524.562
           5370         470997       -524.562
           5380         471997       -524.562
           5390         472997       -524.562
           5400         473997       -524.562
           5410         474997       -524.562
           5420         475997       -524.562
           5430         476997       -524.562
           5440         477997       -524.562
           5450         478997       -524.562
           5460         479997       -524.562
           5470         480997       -524.562
           5480         481997       -524.562
           5490         482997       -524.562
           5500         483997       -524.562
           5510         484997       -524.562
           5520         485997       -524.562
           5530         486997       -524.562
           5540         487997       -524.562
           5550         488997       -524.562
           5560         489997       -524.562
           5570         490997       -524.562
           5580         491997       -524.562
           5590         492997       -524.562
           5600         493997       -524.562
           5610         494997       -524.562
           5620         495997       -524.562
           5630         496997       -524.562
           5640         497997       -524.562
           5650         498997       -524.562
           5660         499997       -524.562
