             10            929      -4934.802
             20           1874      -5493.376
             30           2687      -5773.457
             40           3582      -4688.979
             50           4495      -4934.802
             60           5422      -5982.325
             70           6399      -5920.369
             80           7329      -6143.893
             90           8282      -4934.802
            100           9209      -5546.778
            110          10152      -5863.184
            120          11127      -5803.762
            130          12088      -6091.463
            140          13088      -5905.101
            150          14015      -6855.121
            160          14886      -5288.227
            170          15846      -4934.802
            180          16788      -5431.400
            190          17788      -5249.134
            200          18788      -5989.673
            210          19775      -6325.787
            220          20693      -5978.069
            230          21633      -5737.503
            240          22633      -6377.740
            250          23628      -4934.802
            260          24597      -6252.293
            270          25535      -5914.011
            280          26499      -6050.389
            290          27414      -6327.278
            300          28383      -6715.099
            310          29383      -5922.941
            320          30342      -6191.821
            330          31304      -5818.110
            340          32291      -5942.975
            350          33236      -4855.902
            360          34236      -6283.476
            370          35217      -6394.152
            380          36190      -6494.197
            390          37190      -5849.157
            400          38190      -6006.707
            410          39152      -5516.237
            420          40152      -6418.228
            430          41135      -5719.391
            440          42124      -5059.150
            450          43124      -7127.538
            460          44096      -6155.564
            470          45096      -5303.359
            480          46096      -6321.578
            490          47083      -6491.378
            500          48082      -5757.359
            510          49055      -7300.096
            520          50046      -6018.778
            530          51046      -6015.814
            540          52046      -7043.230
            550          53046      -6105.921
            560          54006      -7099.539
            570          54974      -6214.102
            580          55917      -7123.220
            590          56855      -7138.920
            600          57855      -6903.272
            610          58855      -6539.658
            620          59855      -5656.778
            630          60824      -7322.293
            640          61798      -6136.707
            650          62746      -6015.441
            660          63700      -5718.848
            670          64615      -5438.338
            680          65615      -6397.006
            690          66614      -6186.865
            700          67508      -6264.509
            710          68500      -5694.807
            720          69463      -4505.118
            730          70361      -2440.948
            740          71278      -6306.328
            750          72142      -5775.868
            760          73115      -5745.557
            770          74011      -4227.189
            780          74990      -5966.271
            790          75878      -6271.391
            800          76825      -5126.768
            810          77825      -6495.650
            820          78825      -7130.358
            830          79762      -5251.243
            840          80682      -6610.108
            850          81535      -5107.000
            860          82487      -4598.291
            870          83382      -5212.805
            880          84259      -7342.692
            890          85191      -5940.701
            900          86190      -7038.610
            910          87152      -6879.374
            920          88101      -6122.239
            930          89018      -6095.242
            940          90004      -5552.408
            950          91004      -3760.856
            960          91841      -4278.483
            970          92706      -5460.793
            980          93583      -5768.401
            990          94537      -2633.490
           1000          95396      -6152.217
           1010          96357      -5580.858
           1020          97267      -5819.327
           1030          98194      -6220.238
           1040          99008      -2761.539
           1050          99777      -4349.613
           1060         100716      -3448.220
           1070         101606      -5759.542
           1080         102533      -6080.947
           1090         103382      -7105.407
           1100         104207      -5889.423
           1110         105152      -2543.420
           1120         106094      -4872.878
           1130         106970      -4144.443
           1140         107857      -5709.824
           1150         108773      -5569.929
           1160         109540      -6633.373
           1170         110496      -6610.076
           1180         111300      -5471.249
           1190         112107      -2993.256
           1200         112964      -5628.108
           1210         113876      -3772.875
           1220         114734      -4536.507
           1230         115516      -2367.556
           1240         116319      -5378.420
           1250         117281      -4934.802
           1260         118183      -5475.772
           1270         119125      -5535.029
           1280         120023      -5863.790
           1290         120986      -3183.771
           1300         121937      -5186.344
           1310         122907      -3798.957
           1320         123715      -2244.143
           1330         124591      -4703.304
           1340         125448      -7297.217
           1350         126228      -5675.368
           1360         127048      -5768.847
           1370         127832      -5941.923
           1380         128699      -3931.394
           1390         129408      -3268.830
           1400         130202      -5471.067
           1410         131091      -6641.845
           1420         131910      -3349.299
           1430         132620      -5705.512
           1440         133526      -5168.328
           1450         134464      -3600.932
           1460         135282      -5583.671
           1470         135992      -2616.098
           1480         136705      -2282.957
           1490         137613      -5386.082
           1500         138415      -3925.158
           1510         139233      -4608.443
           1520         140125      -2338.261
           1530         140821      -5030.551
           1540         141651      -7246.842
           1550         142405      -3833.724
           1560         143067      -4184.454
           1570         143914      -4206.448
           1580         144713      -4505.368
           1590         145584      -4439.665
           1600         146428      -3376.767
           1610         147168      -2058.485
           1620         147986      -2318.984
           1630         148828      -3710.214
           1640         149532      -2519.784
           1650         150253      -3023.336
           1660         150946      -2607.888
           1670         151718      -4116.777
           1680         152520      -5344.205
           1690         153331      -3085.750
           1700         154174      -2329.517
           1710         154995      -3307.384
           1720         155788      -2963.975
           1730         156551      -3536.615
           1740         157287      -2122.043
           1750         158143      -4629.625
           1760         158823      -2715.357
           1770         159644      -2037.786
           1780         160473      -2453.356
           1790         161253      -2753.449
           1800         162043      -2342.348
           1810         162801      -3858.855
           1820         163614      -2451.505
           1830         164428      -5024.275
           1840         165291      -2567.197
           1850         166099      -2394.874
           1860         166822      -3842.402
           1870         167581      -4680.711
           1880         168373      -3630.850
           1890         169189      -3065.113
           1900         169998      -4038.522
           1910         170773      -5492.209
           1920         171511      -2085.633
           1930         172201      -5689.304
           1940         173008      -3145.838
           1950         173826      -2077.357
           1960         174532      -5888.233
           1970         175238      -2713.380
           1980         176058      -2148.639
           1990         176905      -2388.054
           2000         177801      -3720.873
           2010         178562      -7511.122
           2020         179440      -2610.977
           2030         180302      -4730.127
           2040         181100      -2510.035
           2050         181973      -1917.460
           2060         182849      -2515.846
           2070         183611      -4687.593
           2080         184407      -2090.793
           2090         185027      -2396.865
           2100         185805      -3061.290
           2110         186582      -2646.489
           2120         187375      -3268.231
           2130         188164      -2970.865
           2140         189070      -5490.565
           2150         189984      -4208.613
           2160         190904      -2934.570
           2170         191839      -4099.570
           2180         192654      -1707.710
           2190         193554      -3860.902
           2200         194509      -2411.056
           2210         195308      -2752.830
           2220         196261      -3562.388
           2230         197131      -3318.365
           2240         198027      -1998.712
           2250         198965      -3875.276
           2260         199965      -1855.203
           2270         200896      -1920.109
           2280         201772      -2087.452
           2290         202772      -1751.050
           2300         203694      -4069.687
           2310         204680      -1801.392
           2320         205680      -4246.492
           2330         206554      -2278.863
           2340         207286      -1669.837
           2350         208193      -1692.182
           2360         209050      -2050.455
           2370         209981      -2529.446
           2380         210981      -1883.253
           2390         211880      -1957.687
           2400         212750      -1727.377
           2410         213694      -1899.217
           2420         214566      -1757.443
           2430         215496      -2281.065
           2440         216411      -3290.864
           2450         217358      -2636.230
           2460         218358      -1904.025
           2470         219332      -1721.236
           2480         220274      -3324.741
           2490         221180      -1247.463
           2500         222125      -1148.058
           2510         223125      -1129.493
           2520         224029      -1496.784
           2530         224889      -3325.263
           2540         225820      -1142.280
           2550         226820      -1142.280
           2560         227820      -1142.280
           2570         228820      -1142.280
           2580         229820      -1142.280
           2590         230820      -1142.280
           2600         231758      -1142.280
           2610         232691      -1142.280
           2620         233691      -1142.280
           2630         234691      -1142.280
           2640         235630      -1142.280
           2650         236630      -1142.280
           2660         237538      -1142.280
           2670         238538      -1142.280
           2680         239471      -1170.402
           2690         240402      -1142.280
           2700         241402      -1142.280
           2710         242286      -1142.280
           2720         243286      -1142.280
           2730         244170      -1142.280
           2740         245170      -1142.280
           2750         246080      -1142.280
           2760         246987      -1142.280
           2770         247987      -1129.493
           2780         248987      -1129.493
           2790         249919      -1129.493
           2800         250815      -1137.436
           2810         251815      -1129.493
           2820         252815      -1129.276
           2830         253766      -1128.537
           2840         254766      -1194.025
           2850         255766      -1149.043
           2860         256766      -1195.643
           2870         257720      -1149.043
           2880         258689      -1142.280
           2890         259625      -1149.043
           2900         260625      -1099.856
           2910         261563      -1116.559
           2920         262520      -1089.637
           2930         263520      -1089.637
           2940         264520      -1053.039
           2950         265458      -1053.039
           2960         266458      -3916.530
           2970         267401      -2547.277
           2980         268303      -1120.829
           2990         269295      -1212.391
           3000         270295      -1210.703
           3010         271206      -1120.829
           3020         272156      -1166.525
           3030         273126      -1184.538
           3040         274126      -1184.538
           3050         275109      -1121.484
           3060         276109      -1131.326
           3070         277046      -1131.326
           3080         278000      -1131.326
           3090         279000      -1053.039
           3100         280000      -1053.039
           3110         280950      -1053.039
           3120         281950      -1053.039
           3130         282950      -1053.039
           3140         283950      -1053.039
           3150         284906      -1053.039
           3160         285906      -1053.039
           3170         286789      -1053.039
           3180         287699      -1053.039
           3190         288699      -1053.039
           3200         289699      -1116.559
           3210         290699      -1053.039
           3220         291654      -1053.039
           3230         292654      -1053.039
           3240         293586      -1053.039
           3250         294586      -1101.749
           3260         295516      -1101.749
           3270         296515      -1089.686
           3280         297515      -1099.856
           3290         298454      -1163.645
           3300         299401      -1084.257
           3310         300298      -1053.039
           3320         301298      -1053.039
           3330         302298      -1053.039
           3340         303234      -1053.039
           3350         304130      -1053.039
           3360         305061      -1053.039
           3370         306061      -1053.039
           3380         307061      -1053.039
           3390         308061      -1053.039
           3400         309061      -1053.039
           3410         310061      -1053.039
           3420         311026      -1053.039
           3430         312026      -1053.039
           3440         312986      -1053.039
           3450         313917      -1053.039
           3460         314821      -1053.039
           3470         315821      -1053.039
           3480         316821      -1053.039
           3490         317821      -1053.039
           3500         318821      -1053.039
           3510         319821      -1053.039
           3520         320821      -1053.039
           3530         321821      -1053.039
           3540         322821      -1053.039
           3550         323821      -1053.039
           3560         324759      -1053.039
           3570         325759      -1053.039
           3580         326759      -1053.039
           3590         327713      -1053.039
           3600         328713      -1053.039
           3610         329646      -1116.559
           3620         330646      -1053.039
           3630         331646      -1053.039
           3640         332646      -1053.039
           3650         333574      -1053.039
           3660         334509      -1053.039
           3670         335442      -1053.039
           3680         336382      -1053.039
           3690         337382      -1053.039
           3700         338326      -1053.039
           3710         339326      -1099.856
           3720         340326      -1101.749
           3730         341258      -1099.856
           3740         342258      -1101.749
           3750         343258      -1101.749
           3760         344212      -1084.257
           3770         345212      -1084.257
           3780         346153      -1084.257
           3790         347153      -1129.675
           3800         348148      -1053.039
           3810         349148      -1053.039
           3820         350083      -1061.667
           3830         351083      -1061.667
           3840         352083      -1061.667
           3850         353083      -1061.667
           3860         354018      -1061.667
           3870         355018      -1061.667
           3880         356008      -1061.667
           3890         357008      -1061.667
           3900         358008      -1061.667
           3910         358944      -1061.667
           3920         359944      -1061.667
           3930         360944      -1061.667
           3940         361944      -1061.667
           3950         362944      -1061.667
           3960         363944      -1061.667
           3970         364944      -1061.667
           3980         365944      -1061.667
           3990         366944      -1061.667
           4000         367879      -1061.667
           4010         368879      -1061.667
           4020         369879      -1061.667
           4030         370816      -1061.667
           4040         371816      -1061.667
           4050         372816      -1061.667
           4060         373816      -1061.667
           4070         374764      -1061.667
           4080         375698      -1061.667
           4090         376698      -1061.667
           4100         377698      -1061.667
           4110         378698      -1061.667
           4120         379698      -1061.667
           4130         380698      -1061.667
           4140         381698      -1061.667
           4150         382698      -1061.667
           4160         383698      -1061.667
           4170         384698      -1061.667
           4180         385698      -1061.667
           4190         386698      -1061.667
           4200         387698      -1061.667
           4210         388631      -1061.667
           4220         389631      -1061.667
           4230         390631      -1061.667
           4240         391631      -1061.667
           4250         392631      -1061.667
           4260         393631      -1061.667
           4270         394631      -1088.800
           4280         395631      -1061.667
           4290         396631      -1061.667
           4300         397631      -1061.667
           4310         398597      -1061.667
           4320         399597      -1061.667
           4330         400597      -1061.667
           4340         401597      -1061.667
           4350         402597      -1061.667
           4360         403597      -1061.667
           4370         404597      -1061.667
           4380         405597      -1061.667
           4390         406550      -1061.667
           4400         407550      -1061.667
           4410         408550      -1061.667
           4420         409550      -1061.667
           4430         410550      -1061.667
           4440         411550      -1061.667
           4450         412550      -1061.667
           4460         413550      -1061.667
           4470         414550      -1061.667
           4480         415550      -1061.667
           4490         416550      -1061.667
           4500         417550      -1061.667
           4510         418550      -1048.526
           4520         419550      -1061.667
           4530         420550      -1061.667
           4540         421550      -1061.667
           4550         422550      -1061.667
           4560         423550      -1061.667
           4570         424550      -1061.667
           4580         425550      -1061.667
           4590         426550      -1061.667
           4600         427487      -1061.667
           4610         428487      -1061.667
           4620         429487      -1061.667
           4630         430487      -1061.667
           4640         431487      -1061.667
           4650         432487      -1061.667
           4660         433487      -1061.667
           4670         434487      -1061.667
           4680         435487      -1061.667
           4690         436487      -1070.632
           4700         437487      -1061.667
           4710         438487      -1061.667
           4720         439423      -1061.667
           4730         440423      -1061.667
           4740         441423      -1061.667
           4750         442423      -1061.667
           4760         443423      -1061.667
           4770         444423      -1061.667
           4780         445423      -1061.667
           4790         446423      -1061.667
           4800         447423      -1061.667
           4810         448423      -1061.667
           4820         449423      -1061.667
           4830         450423      -1070.632
           4840         451423      -1061.667
           4850         452423      -1061.667
           4860         453423      -1061.667
           4870         454423      -1061.667
           4880         455423      -1061.667
           4890         456423      -1061.667
           4900         457423      -1061.667
           4910         458423      -1061.667
           4920         459423      -1061.667
           4930         460423      -1061.667
           4940         461423      -1061.667
           4950         462423      -1061.667
           4960         463423      -1061.667
           4970         464423      -1061.667
           4980         465357      -1061.667
           4990         466357      -1061.667
           5000         467357      -1061.667
           5010         468357      -1061.667
           5020         469357      -1061.667
           5030         470357      -1061.667
           5040         471357      -1061.667
           5050         472357      -1061.667
           5060         473357      -1061.667
           5070         474357      -1061.667
           5080         475357      -1061.667
           5090         476357      -1061.667
           5100         477357      -1061.667
           5110         478357      -1061.667
           5120         479357      -1061.667
           5130         480357      -1061.667
           5140         481357      -1061.667
           5150         482357      -1061.667
           5160         483357      -1061.667
           5170         484357      -1061.667
           5180         485357      -1061.667
           5190         486357      -1061.667
           5200         487357      -1061.667
           5210         488357      -1061.667
           5220         489357      -1061.667
           5230         490357      -1061.667
           5240         491357      -1061.667
           5250         492357      -1061.667
           5260         493357      -1061.667
           5270         494357      -1061.667
           5280         495357      -1061.667
           5290         496357      -1061.667
           5300         497357      -1061.667
           5310         498357      -1061.667
           5320         499357      -1061.667
