             10            245      -1279.225
             20            567      -4934.802
             30           1296      -4934.802
             40           1914      -2881.319
             50           2713      -5848.693
             60           3272      -5696.007
             70           4177      -5836.972
             80           5014      -6026.490
             90           5893      -5965.097
            100           6829      -4934.802
            110           7591      -5185.855
            120           8512      -6499.438
            130           9427      -4106.772
            140          10317      -3361.105
            150          11234      -4867.165
            160          12111      -5957.151
            170          12908      -5817.600
            180          13851      -6358.055
            190          14708      -7128.832
            200          15628      -5295.541
            210          16492      -5056.738
            220          17462      -6345.603
            230          18350      -6792.033
            240          19263      -5598.391
            250          20174      -6992.570
            260          21133       -965.943
            270          21973       -965.943
            280          22962      -4970.985
            290          23940      -5182.898
            300          24890      -5177.627
            310          25817      -6010.667
            320          26803      -4609.471
            330          27746      -5361.369
            340          28652      -4199.243
            350          29536      -6996.669
            360          30511      -5187.057
            370          31511      -2846.227
            380          32364      -5554.972
            390          33348      -4286.831
            400          34102      -6022.457
            410          34798      -5139.163
            420          35621      -4352.072
            430          36425      -6053.540
            440          37086      -2923.286
            450          37884      -6187.230
            460          38743      -3862.281
            470          39639      -2989.220
            480          40366      -2375.435
            490          41168      -6669.674
            500          41876       -902.191
            510          42686      -5688.537
            520          43609      -6041.960
            530          44301      -3692.885
            540          44876      -2385.094
            550          45566      -4792.316
            560          46290      -4586.557
            570          46903      -6726.995
            580          47671      -5962.538
            590          48483      -4323.291
            600          49129       -887.425
            610          49909      -4727.806
            620          50490      -3180.208
            630          51112      -2121.502
            640          51848      -2889.173
            650          52572      -5157.228
            660          53315       -907.682
            670          54000      -4523.249
            680          54695      -7004.017
            690          55352       -794.114
            700          55820       -958.236
            710          56357      -2681.065
            720          56906      -2935.066
            730          57517      -3740.942
            740          57999       -859.694
            750          58614      -3003.717
            760          58981      -2823.297
            770          59588      -3300.981
            780          60345       -924.072
            790          60937       -946.761
            800          61378       -911.863
            810          61858       -851.369
            820          62311      -4879.983
            830          62923      -2158.216
            840          63631      -2897.405
            850          64195      -6948.074
            860          64633      -4563.754
            870          65312      -5002.302
            880          66166       -960.368
            890          66706      -2438.896
            900          67235      -2183.014
            910          67883      -3178.973
            920          68481      -3351.159
            930          69227      -3939.521
            940          70016       -929.521
            950          70509       -838.767
            960          71065      -2597.093
            970          71639      -1042.456
            980          72334       -911.276
            990          72784       -822.418
           1000          73371      -2175.770
           1010          73979       -912.359
           1020          74588      -6027.639
           1030          75284      -2125.197
           1040          75940      -2118.649
           1050          76711      -2052.905
           1060          77455       -854.676
           1070          78094      -2910.634
           1080          78670      -2926.025
           1090          79408      -1843.770
           1100          79944      -3118.208
           1110          80601       -873.141
           1120          80951       -878.179
           1130          81463      -3559.615
           1140          82042       -920.582
           1150          82628       -878.811
           1160          83256      -2778.437
           1170          83813       -652.641
           1180          84545       -897.281
           1190          85019      -3501.811
           1200          85732      -1163.405
           1210          86492      -3684.954
           1220          87224       -842.641
           1230          87765      -4632.504
           1240          88556      -2217.420
           1250          89299       -830.754
           1260          89790      -3279.730
           1270          90468       -857.403
           1280          91041       -870.919
           1290          91692       -747.387
           1300          92393       -807.784
           1310          92973      -4197.262
           1320          93668       -614.300
           1330          94260      -3141.824
           1340          94803      -2148.146
           1350          95494       -659.987
           1360          96137       -874.581
           1370          96747       -821.107
           1380          97521       -963.737
           1390          98080      -3676.500
           1400          98690       -538.163
           1410          99608       -528.587
           1420         100343       -730.688
           1430         101244       -888.965
           1440         102122       -560.213
           1450         103119       -560.213
           1460         103991       -611.225
           1470         104849       -611.225
           1480         105723       -583.869
           1490         106478       -588.380
           1500         107412       -595.058
           1510         108365       -520.597
           1520         109365       -520.597
           1530         110293       -520.597
           1540         111173       -520.597
           1550         112000       -529.690
           1560         112904       -527.826
           1570         113904       -528.588
           1580         114831       -562.870
           1590         115689       -576.650
           1600         116615       -537.605
           1610         117577       -537.605
           1620         118559       -537.605
           1630         119502       -571.255
           1640         120426       -530.918
           1650         121386       -529.029
           1660         122312       -529.029
           1670         123312       -519.300
           1680         124283       -537.538
           1690         125283       -537.538
           1700         126112       -528.456
           1710         127097       -549.870
           1720         127968       -531.462
           1730         128908      -2037.877
           1740         129869       -519.787
           1750         130835       -519.787
           1760         131634       -593.768
           1770         132440       -538.748
           1780         133314       -521.523
           1790         134210       -538.748
           1800         135210       -538.748
           1810         136151       -520.238
           1820         137142       -520.238
           1830         138081       -520.238
           1840         139015       -532.489
           1850         140015       -553.137
           1860         140943       -553.137
           1870         141878       -523.423
           1880         142729       -546.602
           1890         143601       -523.423
           1900         144601       -598.467
           1910         145601       -520.238
           1920         146560       -520.238
           1930         147560       -532.480
           1940         148513       -532.480
           1950         149513       -520.238
           1960         150437       -520.238
           1970         151437       -520.238
           1980         152386       -520.238
           1990         153386       -520.238
           2000         154315       -576.112
           2010         155280       -520.945
           2020         156132       -541.326
           2030         157132       -520.238
           2040         157931       -520.238
           2050         158931       -520.238
           2060         159931       -579.254
           2070         160931       -558.811
           2080         161749       -550.591
           2090         162749       -551.548
           2100         163693       -519.933
           2110         164657       -519.933
           2120         165621       -519.933
           2130         166560       -548.196
           2140         167509       -548.196
           2150         168496       -568.078
           2160         169459       -519.933
           2170         170439       -520.238
           2180         171435       -538.361
           2190         172343       -520.238
           2200         173321       -541.410
           2210         174306       -529.445
           2220         175246       -520.238
           2230         176198       -520.238
           2240         177198       -520.238
           2250         178188       -520.238
           2260         179143       -520.238
           2270         180143       -520.238
           2280         181112       -519.300
           2290         182112       -519.300
           2300         183039       -535.259
           2310         184039       -537.804
           2320         184993       -537.538
           2330         185993       -537.538
           2340         186985       -519.300
           2350         187985       -519.300
           2360         188985       -519.300
           2370         189985       -519.300
           2380         190985       -519.300
           2390         191985       -519.300
           2400         192985       -519.300
           2410         193985       -519.300
           2420         194985       -537.538
           2430         195985       -566.009
           2440         196985       -519.300
           2450         197985       -540.485
           2460         198917       -548.613
           2470         199917       -663.507
           2480         200917       -541.572
           2490         201841       -548.613
           2500         202841       -604.780
           2510         203767       -552.732
           2520         204767       -537.538
           2530         205767       -537.538
           2540         206767       -519.300
           2550         207767       -519.300
           2560         208767       -519.300
           2570         209689       -519.300
           2580         210689       -519.300
           2590         211689       -519.300
           2600         212689       -519.300
           2610         213689       -519.300
           2620         214611       -537.538
           2630         215611       -519.300
           2640         216611       -552.732
           2650         217611       -519.300
           2660         218611       -520.550
           2670         219611       -519.300
           2680         220553       -519.300
           2690         221553       -519.300
           2700         222479       -519.300
           2710         223479       -519.300
           2720         224479       -519.300
           2730         225479       -537.538
           2740         226479       -520.550
           2750         227479       -520.550
           2760         228408       -520.550
           2770         229408       -520.550
           2780         230408       -519.300
           2790         231367       -528.588
           2800         232302       -528.588
           2810         233302       -528.588
           2820         234302       -548.015
           2830         235302       -550.306
           2840         236302       -548.015
           2850         237302       -520.550
           2860         238302       -558.009
           2870         239302       -537.538
           2880         240302       -537.538
           2890         241302       -537.538
           2900         242302       -537.538
           2910         243302       -537.538
           2920         244302       -519.300
           2930         245230       -519.300
           2940         246230       -519.300
           2950         247230       -519.300
           2960         248230       -519.300
           2970         249230       -519.300
           2980         250230       -519.300
           2990         251230       -519.300
           3000         252230       -519.300
           3010         253230       -519.300
           3020         254230       -519.300
           3030         255230       -519.300
           3040         256230       -519.300
           3050         257153       -519.300
           3060         258153       -519.300
           3070         259137       -584.583
           3080         260137       -584.583
           3090         261137       -590.342
           3100         262100       -583.484
           3110         263046       -551.774
           3120         264046       -537.538
           3130         265046       -519.300
           3140         266046       -519.300
           3150         267046       -519.300
           3160         268046       -519.300
           3170         269046       -519.300
           3180         270046       -519.300
           3190         271046       -519.300
           3200         271991       -519.300
           3210         272917       -519.300
           3220         273917       -519.300
           3230         274917       -519.300
           3240         275917       -519.300
           3250         276917       -537.538
           3260         277917       -558.009
           3270         278917       -558.009
           3280         279917       -519.300
           3290         280917       -519.300
           3300         281917       -519.300
           3310         282917       -519.300
           3320         283917       -519.300
           3330         284917       -519.300
           3340         285917       -519.300
           3350         286917       -519.300
           3360         287917       -519.300
           3370         288917       -528.588
           3380         289895       -519.300
           3390         290895       -519.300
           3400         291895       -519.300
           3410         292895       -519.300
           3420         293895       -519.300
           3430         294895       -519.300
           3440         295895       -558.009
           3450         296895       -558.009
           3460         297895       -558.009
           3470         298895       -519.300
           3480         299895       -519.300
           3490         300895       -558.009
           3500         301895       -558.009
           3510         302895       -558.009
           3520         303895       -558.009
           3530         304895       -561.997
           3540         305895       -561.997
           3550         306895       -561.997
           3560         307895       -562.475
           3570         308895       -549.356
           3580         309895       -558.009
           3590         310895       -537.538
           3600         311895       -537.538
           3610         312889       -554.329
           3620         313882       -554.329
           3630         314882       -554.329
           3640         315882       -529.029
           3650         316882       -529.029
           3660         317882       -519.300
           3670         318882       -519.300
           3680         319882       -519.300
           3690         320882       -519.300
           3700         321882       -519.300
           3710         322882       -519.300
           3720         323882       -519.300
           3730         324882       -519.300
           3740         325882       -519.300
           3750         326882       -519.300
           3760         327882       -519.300
           3770         328882       -519.300
           3780         329882       -519.300
           3790         330882       -519.300
           3800         331882       -519.300
           3810         332882       -519.300
           3820         333882       -519.300
           3830         334882       -519.300
           3840         335882       -519.300
           3850         336882       -537.538
           3860         337882       -537.538
           3870         338882       -519.300
           3880         339882       -519.300
           3890         340882       -519.300
           3900         341882       -519.300
           3910         342882       -519.300
           3920         343882       -519.300
           3930         344882       -519.300
           3940         345882       -519.300
           3950         346882       -519.300
           3960         347882       -519.300
           3970         348882       -519.300
           3980         349845       -519.300
           3990         350845       -519.300
           4000         351845       -519.300
           4010         352845       -519.300
           4020         353845       -519.300
           4030         354845       -537.538
           4040         355845       -519.300
           4050         356845       -519.300
           4060         357845       -519.300
           4070         358845       -537.538
           4080         359845       -519.300
           4090         360845       -519.300
           4100         361845       -519.300
           4110         362845       -519.300
           4120         363845       -519.300
           4130         364845       -528.588
           4140         365845       -528.588
           4150         366845       -528.588
           4160         367845       -528.588
           4170         368845       -528.588
           4180         369845       -519.300
           4190         370845       -519.300
           4200         371845       -519.300
           4210         372845       -519.300
           4220         373845       -537.538
           4230         374845       -519.300
           4240         375845       -519.300
           4250         376845       -519.300
           4260         377845       -519.300
           4270         378845       -519.300
           4280         379845       -519.300
           4290         380845       -519.300
           4300         381845       -537.538
           4310         382845       -537.538
           4320         383845       -537.538
           4330         384845       -537.538
           4340         385845       -520.550
           4350         386845       -519.300
           4360         387845       -519.300
           4370         388845       -519.300
           4380         389845       -519.300
           4390         390769       -519.300
           4400         391769       -519.300
           4410         392769       -519.300
           4420         393769       -519.300
           4430         394769       -519.300
           4440         395769       -519.300
           4450         396769       -519.300
           4460         397769       -519.300
           4470         398769       -519.300
           4480         399769       -519.300
           4490         400769       -519.300
           4500         401769       -519.300
           4510         402769       -519.300
           4520         403769       -519.300
           4530         404769       -537.538
           4540         405769       -519.300
           4550         406769       -519.300
           4560         407769       -519.300
           4570         408769       -519.300
           4580         409769       -519.300
           4590         410769       -519.300
           4600         411769       -519.300
           4610         412769       -519.300
           4620         413769       -519.300
           4630         414769       -519.300
           4640         415769       -519.300
           4650         416695       -519.300
           4660         417695       -519.300
           4670         418695       -519.300
           4680         419695       -519.300
           4690         420695       -519.300
           4700         421695       -519.300
           4710         422695       -519.300
           4720         423695       -519.300
           4730         424695       -519.300
           4740         425695       -519.300
           4750         426695       -519.300
           4760         427695       -537.538
           4770         428695       -519.300
           4780         429695       -519.300
           4790         430695       -519.300
           4800         431695       -519.300
           4810         432695       -519.300
           4820         433695       -519.300
           4830         434695       -519.300
           4840         435695       -519.300
           4850         436695       -519.300
           4860         437695       -519.300
           4870         438695       -519.300
           4880         439695       -519.300
           4890         440695       -519.300
           4900         441695       -519.300
           4910         442695       -519.300
           4920         443695       -519.300
           4930         444695       -519.300
           4940         445695       -519.300
           4950         446695       -519.300
           4960         447695       -519.300
           4970         448695       -519.300
           4980         449695       -519.300
           4990         450695       -519.300
           5000         451695       -519.300
           5010         452695       -519.300
           5020         453695       -519.300
           5030         454695       -519.300
           5040         455695       -537.538
           5050         456695       -519.300
           5060         457695       -519.300
           5070         458695       -519.300
           5080         459695       -519.300
           5090         460695       -519.300
           5100         461695       -519.300
           5110         462695       -519.300
           5120         463695       -519.300
           5130         464695       -519.300
           5140         465695       -519.300
           5150         466695       -519.300
           5160         467695       -519.300
           5170         468695       -519.300
           5180         469695       -519.300
           5190         470695       -519.300
           5200         471695       -519.300
           5210         472695       -519.300
           5220         473695       -519.300
           5230         474695       -519.300
           5240         475695       -519.300
           5250         476695       -519.300
           5260         477695       -519.300
           5270         478695       -519.300
           5280         479695       -519.300
           5290         480695       -519.300
           5300         481695       -519.300
           5310         482695       -519.300
           5320         483695       -519.300
           5330         484695       -519.300
           5340         485695       -519.300
           5350         486695       -519.300
           5360         487695       -519.300
           5370         488695       -519.300
           5380         489695       -519.300
           5390         490695       -519.300
           5400         491695       -519.300
           5410         492695       -519.300
           5420         493695       -519.300
           5430         494695       -519.300
           5440         495695       -519.300
           5450         496695       -519.300
           5460         497695       -519.300
           5470         498695       -519.300
           5480         499695       -519.300
