             10            815      -4934.802
             20           1740      -5224.600
             30           2600      -1913.614
             40           3496      -5971.943
             50           4495      -4204.066
             60           5404      -5884.384
             70           6386      -4796.568
             80           7348      -5092.748
             90           8340      -5652.435
            100           9243      -5652.530
            110          10175      -4692.414
            120          11162      -5934.938
            130          12096      -6485.626
            140          13044      -6414.620
            150          13996      -5719.321
            160          14928      -6204.642
            170          15863      -6218.915
            180          16863      -5607.236
            190          17786      -6218.873
            200          18650      -4378.163
            210          19650      -4934.802
            220          20643      -6233.102
            230          21643      -5903.429
            240          22602      -6336.757
            250          23551      -5937.980
            260          24489      -5899.653
            270          25462      -5706.515
            280          26389      -5700.883
            290          27389      -5390.682
            300          28327      -6354.006
            310          29237      -5714.556
            320          30237      -6193.593
            330          31237      -6859.508
            340          32230      -6052.673
            350          33230      -6938.586
            360          34194      -6093.041
            370          35166      -6249.400
            380          36166      -6917.008
            390          37104      -6536.861
            400          38064      -5412.036
            410          39054      -6760.731
            420          40054      -5590.359
            430          41019      -6067.529
            440          42019      -6418.271
            450          43011      -5940.677
            460          43978      -5926.143
            470          44978      -6866.179
            480          45910      -7370.158
            490          46850      -7193.526
            500          47748      -5235.553
            510          48748      -6871.199
            520          49748      -6466.081
            530          50669      -3669.062
            540          51669      -5692.667
            550          52669      -6178.981
            560          53669      -6927.093
            570          54538      -7078.159
            580          55538      -6365.803
            590          56480      -6043.642
            600          57480      -5455.617
            610          58445      -7354.036
            620          59409      -6984.438
            630          60404      -5626.710
            640          61404      -6120.320
            650          62232      -4265.049
            660          63203      -7238.500
            670          64203      -5625.634
            680          65198      -6646.474
            690          66177      -6610.174
            700          67171      -7133.311
            710          68171      -6368.420
            720          69171      -6397.343
            730          70171      -6470.855
            740          71171      -6078.272
            750          72167      -6907.307
            760          73151      -5127.942
            770          74145      -8570.133
            780          75113      -6866.174
            790          76113      -6750.225
            800          77034      -6083.527
            810          78034      -6384.460
            820          78936      -6142.147
            830          79936      -6272.684
            840          80936      -6410.592
            850          81936      -6927.598
            860          82925      -7772.908
            870          83925      -6822.956
            880          84897      -5804.247
            890          85897      -7407.162
            900          86873      -6559.697
            910          87857      -5864.817
            920          88785      -6090.867
            930          89772      -6220.095
            940          90772      -4674.428
            950          91698      -6100.762
            960          92623      -6234.728
            970          93617      -6229.925
            980          94535      -5922.870
            990          95480      -5842.736
           1000          96402      -6119.975
           1010          97355      -7361.846
           1020          98355      -5542.110
           1030          99332      -6311.306
           1040         100155      -7629.915
           1050         101035      -6410.545
           1060         102006      -5532.313
           1070         102902      -5217.188
           1080         103786      -5740.314
           1090         104703      -5471.317
           1100         105524      -6908.366
           1110         106423      -4241.282
           1120         107320      -6534.202
           1130         108296      -5553.603
           1140         109287      -5986.349
           1150         110188      -2160.128
           1160         111005      -7054.381
           1170         111984      -6270.844
           1180         112915      -5696.746
           1190         113725      -3354.338
           1200         114638      -6205.036
           1210         115631      -5293.778
           1220         116530      -1921.190
           1230         117505      -3351.843
           1240         118452      -5966.263
           1250         119343      -3442.200
           1260         120290      -3433.562
           1270         121109      -6760.068
           1280         122047      -4140.056
           1290         122858      -5193.142
           1300         123758      -4645.465
           1310         124630      -6831.395
           1320         125501      -3102.288
           1330         126343      -7101.898
           1340         127072      -3540.797
           1350         127741      -3762.304
           1360         128573      -6010.998
           1370         129412      -3392.945
           1380         130249      -1994.234
           1390         131168      -6973.850
           1400         132017      -4887.290
           1410         132924      -1939.195
           1420         133734      -2904.089
           1430         134442      -6224.698
           1440         135362      -3865.349
           1450         136268      -6885.485
           1460         137177      -3259.094
           1470         138053      -4736.428
           1480         138849      -2080.373
           1490         139741      -3568.206
           1500         140582      -3364.075
           1510         141413      -5916.018
           1520         142203      -4845.091
           1530         143080      -4916.997
           1540         143792      -3742.984
           1550         144646      -6098.415
           1560         145529      -5634.015
           1570         146363      -3532.461
           1580         147097      -2147.944
           1590         147807      -5103.002
           1600         148576      -5540.448
           1610         149375      -2429.845
           1620         150176      -5844.336
           1630         151096      -3406.925
           1640         151915      -2507.534
           1650         152761      -5345.938
           1660         153518      -3499.390
           1670         154383      -4143.758
           1680         155068      -3188.830
           1690         155867      -6198.564
           1700         156637      -3777.477
           1710         157332      -4813.668
           1720         158174      -2532.895
           1730         158941      -3880.033
           1740         159690      -3707.596
           1750         160463      -5017.006
           1760         161244      -1880.996
           1770         162149      -4957.311
           1780         162944      -5578.864
           1790         163782      -4576.321
           1800         164588      -1918.547
           1810         165486      -3507.823
           1820         166226      -4077.334
           1830         166994      -2175.580
           1840         167792      -2100.424
           1850         168582      -2153.703
           1860         169481      -4934.802
           1870         170343      -2077.230
           1880         171079      -4592.644
           1890         171920      -4148.905
           1900         172710      -4934.802
           1910         173422      -1766.862
           1920         174249      -2035.616
           1930         174932      -2092.475
           1940         175665      -1989.378
           1950         176384      -2152.218
           1960         177054      -2169.372
           1970         177818      -3129.492
           1980         178519      -5674.598
           1990         179257      -3341.313
           2000         179979      -2578.707
           2010         180596      -2177.455
           2020         181278      -2105.029
           2030         182048      -2401.485
           2040         182822      -2001.223
           2050         183557      -3367.881
           2060         184270      -6908.897
           2070         185055      -5186.210
           2080         185853      -3988.221
           2090         186550      -2545.197
           2100         187416      -1088.888
           2110         188254      -3066.586
           2120         189026      -3446.991
           2130         189733      -2017.731
           2140         190427      -2652.288
           2150         191201      -1085.715
           2160         191932      -1307.364
           2170         192577      -1335.320
           2180         193261      -1468.985
           2190         194017      -1045.336
           2200         194900      -3063.862
           2210         195669       -996.806
           2220         196538       -996.806
           2230         197386       -996.806
           2240         198317      -1016.827
           2250         199229      -1037.588
           2260         200035       -969.183
           2270         200975       -969.183
           2280         201856       -969.183
           2290         202810       -969.183
           2300         203810       -969.183
           2310         204810       -969.183
           2320         205810       -969.183
           2330         206789       -969.183
           2340         207733       -969.183
           2350         208686       -969.183
           2360         209686       -969.183
           2370         210552       -969.183
           2380         211522       -969.183
           2390         212458       -969.183
           2400         213458       -969.183
           2410         214260       -969.183
           2420         215260       -969.183
           2430         216227       -969.183
           2440         217133       -969.183
           2450         218133       -969.183
           2460         219089       -969.183
           2470         220079       -969.183
           2480         221079       -969.183
           2490         222041       -969.183
           2500         222931       -969.183
           2510         223931       -969.183
           2520         224819       -969.183
           2530         225819      -1061.838
           2540         226818       -969.183
           2550         227772       -969.183
           2560         228709       -969.183
           2570         229709       -969.183
           2580         230605       -969.183
           2590         231494       -969.183
           2600         232432      -1008.119
           2610         233371       -969.183
           2620         234288       -969.183
           2630         235160      -1043.076
           2640         236066       -969.183
           2650         237066       -969.183
           2660         238066      -1039.200
           2670         239066      -1106.355
           2680         240066       -969.183
           2690         241066       -969.183
           2700         241913       -999.021
           2710         242859       -969.183
           2720         243816       -969.183
           2730         244696      -1025.768
           2740         245600      -1047.731
           2750         246560      -1093.519
           2760         247449      -1074.334
           2770         248318      -1163.236
           2780         249290      -1097.815
           2790         250018      -1389.399
           2800         250772      -1072.622
           2810         251468      -1377.286
           2820         252333      -1044.361
           2830         253126      -1045.065
           2840         254066      -1045.065
           2850         254945      -1045.065
           2860         255930      -1045.065
           2870         256871      -1045.065
           2880         257824      -1045.065
           2890         258800      -1045.065
           2900         259705      -1045.065
           2910         260705      -1065.619
           2920         261593      -1045.065
           2930         262473      -1065.619
           2940         263393      -1065.619
           2950         264349      -1044.361
           2960         265349      -1044.361
           2970         266214      -1065.256
           2980         267159      -1006.734
           2990         268012      -1005.956
           3000         268953      -1006.734
           3010         269953      -1006.734
           3020         270953      -1006.734
           3030         271953      -1006.734
           3040         272953      -1006.734
           3050         273953      -1006.734
           3060         274953      -1006.734
           3070         275953      -1006.734
           3080         276911      -1006.734
           3090         277911      -1006.734
           3100         278872      -1006.734
           3110         279823      -1034.262
           3120         280713      -1034.262
           3130         281666      -1034.262
           3140         282629      -1034.262
           3150         283579      -1034.262
           3160         284579      -1034.262
           3170         285522      -1044.601
           3180         286454      -1034.262
           3190         287454      -1034.262
           3200         288454      -1034.262
           3210         289454      -1053.419
           3220         290454      -1053.419
           3230         291454      -1188.751
           3240         292454      -1053.419
           3250         293355      -1033.526
           3260         294308      -1033.526
           3270         295243      -1033.526
           3280         296243      -1033.526
           3290         297243      -1033.526
           3300         298195      -1033.526
           3310         299195      -1033.526
           3320         300195      -1033.526
           3330         301195      -1033.526
           3340         302071      -1033.526
           3350         303071      -1033.526
           3360         304071      -1033.526
           3370         305071      -1033.526
           3380         306071      -1033.526
           3390         307071      -1033.526
           3400         307960      -1033.526
           3410         308960      -1033.526
           3420         309960      -1033.526
           3430         310960      -1033.526
           3440         311960      -1044.037
           3450         312903      -1044.037
           3460         313903      -1033.526
           3470         314783      -1033.526
           3480         315783      -1033.526
           3490         316783      -1033.526
           3500         317783      -1033.526
           3510         318783      -1042.315
           3520         319783      -1033.526
           3530         320783      -1033.526
           3540         321783      -1033.526
           3550         322783      -1033.526
           3560         323783      -1033.526
           3570         324783      -1033.526
           3580         325734      -1033.526
           3590         326734      -1033.526
           3600         327734      -1033.526
           3610         328734      -1063.367
           3620         329686      -1081.613
           3630         330617      -1013.841
           3640         331617      -1013.841
           3650         332617      -1013.841
           3660         333617      -1013.841
           3670         334572      -1013.841
           3680         335529      -1013.841
           3690         336529      -1013.841
           3700         337529      -1013.841
           3710         338529      -1013.841
           3720         339529      -1013.841
           3730         340529      -1013.841
           3740         341529      -1013.841
           3750         342529      -1013.841
           3760         343529      -1013.841
           3770         344529      -1013.841
           3780         345529      -1013.841
           3790         346529      -1069.906
           3800         347529      -1013.841
           3810         348529      -1013.841
           3820         349529      -1013.841
           3830         350392      -1013.841
           3840         351392      -1069.906
           3850         352322      -1013.841
           3860         353322      -1013.841
           3870         354254      -1013.841
           3880         355254      -1013.841
           3890         356254      -1013.841
           3900         357254      -1013.841
           3910         358254      -1013.841
           3920         359254      -1013.841
           3930         360254      -1013.841
           3940         361254      -1013.841
           3950         362189      -1013.841
           3960         363122      -1013.841
           3970         364122      -1013.841
           3980         365122      -1013.841
           3990         366122      -1013.841
           4000         367122      -1013.841
           4010         368122      -1013.841
           4020         369122      -1013.841
           4030         370009      -1013.841
           4040         371009      -1013.841
           4050         372009      -1013.841
           4060         373009      -1013.841
           4070         374009      -1013.841
           4080         375009      -1013.841
           4090         375968      -1013.841
           4100         376968      -1013.841
           4110         377968      -1023.701
           4120         378968      -1022.702
           4130         379905      -1100.615
           4140         380878      -1023.561
           4150         381878      -1013.841
           4160         382878      -1013.841
           4170         383878      -1013.841
           4180         384878      -1013.841
           4190         385878      -1013.841
           4200         386878      -1013.841
           4210         387878      -1013.841
           4220         388878      -1013.841
           4230         389878      -1013.841
           4240         390878      -1013.841
           4250         391830      -1013.841
           4260         392830      -1013.841
           4270         393830      -1013.841
           4280         394830      -1114.933
           4290         395830      -1013.841
           4300         396812      -1013.841
           4310         397812      -1013.841
           4320         398812      -1013.841
           4330         399812      -1013.841
           4340         400812      -1013.841
           4350         401812      -1013.841
           4360         402812      -1013.841
           4370         403812      -1013.841
           4380         404803      -1013.841
           4390         405803      -1013.841
           4400         406803      -1013.841
           4410         407803      -1013.841
           4420         408803      -1013.841
           4430         409803      -1013.841
           4440         410803      -1013.841
           4450         411803      -1013.841
           4460         412803      -1013.841
           4470         413803      -1013.841
           4480         414803      -1013.841
           4490         415803      -1013.841
           4500         416803      -1013.841
           4510         417803      -1013.841
           4520         418803      -1013.841
           4530         419803      -1013.841
           4540         420803      -1013.841
           4550         421803      -1013.841
           4560         422803      -1013.841
           4570         423803      -1013.841
           4580         424803      -1013.841
           4590         425803      -1013.841
           4600         426803      -1013.841
           4610         427740      -1013.841
           4620         428740      -1013.841
           4630         429740      -1013.841
           4640         430676      -1013.841
           4650         431676      -1013.841
           4660         432628      -1013.841
           4670         433628      -1013.841
           4680         434628      -1088.265
           4690         435628      -1013.841
           4700         436628      -1087.008
           4710         437628      -1087.008
           4720         438628      -1087.008
           4730         439628      -1087.008
           4740         440628      -1087.008
           4750         441628      -1087.008
           4760         442628      -1077.154
           4770         443628      -1087.008
           4780         444628      -1087.008
           4790         445628      -1087.008
           4800         446628      -1087.008
           4810         447628      -1087.008
           4820         448628      -1087.008
           4830         449628      -1087.008
           4840         450628      -1087.008
           4850         451628      -1087.008
           4860         452563      -1087.008
           4870         453563      -1087.008
           4880         454563      -1087.008
           4890         455563      -1087.008
           4900         456563      -1087.008
           4910         457563      -1087.008
           4920         458563      -1087.008
           4930         459563      -1087.008
           4940         460563      -1087.008
           4950         461563      -1087.008
           4960         462563      -1087.008
           4970         463563      -1087.008
           4980         464563      -1087.008
           4990         465563      -1087.008
           5000         466563      -1087.008
           5010         467563      -1087.008
           5020         468563      -1087.008
           5030         469563      -1087.008
           5040         470563      -1087.008
           5050         471563      -1087.008
           5060         472563      -1087.008
           5070         473563      -1087.008
           5080         474563      -1087.008
           5090         475563      -1087.008
           5100         476563      -1087.008
           5110         477563      -1087.008
           5120         478563      -1087.008
           5130         479563      -1087.008
           5140         480563      -1087.008
           5150         481563      -1087.008
           5160         482563      -1087.008
           5170         483563      -1013.841
           5180         484563      -1013.841
           5190         485563      -1013.841
           5200         486563      -1013.841
           5210         487563      -1013.841
           5220         488563      -1013.841
           5230         489563      -1013.841
           5240         490563      -1013.841
           5250         491563      -1013.841
           5260         492563      -1013.841
           5270         493563      -1013.841
           5280         494563      -1013.841
           5290         495563      -1013.841
           5300         496563      -1013.841
           5310         497563      -1013.841
           5320         498563      -1013.841
           5330         499563      -1013.841
