             10            218      -1096.737
             20            515      -1514.460
             30            929      -1334.344
             40           1528      -4440.589
             50           2189      -2425.308
             60           2619      -5435.283
             70           3448      -2295.567
             80           4177      -6028.290
             90           4931      -6291.190
            100           5815      -6548.891
            110           6539      -5374.863
            120           7470      -2311.277
            130           8163      -6647.536
            140           9078      -5527.415
            150           9891      -2835.892
            160          10653      -6221.511
            170          11476      -3755.793
            180          12313      -5874.560
            190          13252      -4578.519
            200          14208      -6337.350
            210          15075      -4873.193
            220          15931      -4920.171
            230          16812      -6782.753
            240          17779      -6468.041
            250          18671      -4056.684
            260          19570      -5787.094
            270          20484      -6198.588
            280          21343      -7561.068
            290          22191      -2875.577
            300          23169      -4797.893
            310          23940      -5877.082
            320          24843      -4783.636
            330          25775      -4506.158
            340          26676      -4557.120
            350          27534      -4057.112
            360          28297      -4582.446
            370          29265      -6351.237
            380          30087      -2545.643
            390          30875      -5031.318
            400          31680      -1013.591
            410          32386     -10334.066
            420          33142      -3715.537
            430          33846      -2129.679
            440          34379      -2129.679
            450          35043      -5799.267
            460          35670      -5142.668
            470          36395      -1064.032
            480          37086      -5345.190
            490          37810      -4766.913
            500          38532      -5807.866
            510          39280      -3521.940
            520          40029      -5986.653
            530          40651       -872.918
            540          41369      -4010.818
            550          41982      -3813.107
            560          42664       -980.971
            570          43336       -883.509
            580          43898       -910.335
            590          44541       -922.734
            600          45224       -917.372
            610          45788      -4436.826
            620          46340      -5015.270
            630          47134      -2893.448
            640          47739      -4857.903
            650          48501      -2211.818
            660          49062      -4542.930
            670          49634      -4508.923
            680          50150       -955.092
            690          50637      -3438.008
            700          51419       -976.498
            710          52072      -2233.374
            720          52733       -984.737
            730          53274      -2767.239
            740          53937       -883.561
            750          54461      -1237.119
            760          54986       -915.007
            770          55473      -4965.491
            780          56066       -822.606
            790          56489      -5978.707
            800          57156      -4939.059
            810          57823      -1969.446
            820          58586      -2838.586
            830          59066       -945.075
            840          59638      -1129.499
            850          60139      -2047.163
            860          60698       -936.566
            870          61122      -2242.651
            880          61822      -2805.681
            890          62447      -2239.512
            900          62978       -823.430
            910          63562      -4278.452
            920          64293       -931.740
            930          64828      -2550.008
            940          65485      -2550.008
            950          66178       -952.298
            960          66567      -2621.511
            970          67189       -879.313
            980          67776       -951.315
            990          68268       -960.052
           1000          68982       -811.957
           1010          69501      -2020.373
           1020          69963       -884.787
           1030          70407       -853.224
           1040          70819       -971.988
           1050          71455       -827.182
           1060          72138      -3265.010
           1070          72739      -6040.483
           1080          73209      -2202.415
           1090          73636       -870.350
           1100          74356       -782.508
           1110          74984       -896.366
           1120          75678       -853.624
           1130          76131       -984.684
           1140          76735       -650.870
           1150          77375       -603.969
           1160          78026      -1174.229
           1170          78690      -4625.774
           1180          79375       -593.343
           1190          79873       -850.203
           1200          80439       -850.981
           1210          81034       -965.005
           1220          81665      -4247.375
           1230          82452      -4707.264
           1240          83012      -4852.666
           1250          83673      -2027.406
           1260          84445      -2593.323
           1270          85068      -2438.857
           1280          85752       -830.105
           1290          86477       -576.837
           1300          87291       -600.550
           1310          87872      -1083.624
           1320          88321       -541.740
           1330          89160       -516.555
           1340          89947       -507.929
           1350          90747       -507.225
           1360          91456       -854.981
           1370          92240       -509.726
           1380          93097       -582.137
           1390          93971       -506.500
           1400          94820       -506.500
           1410          95726       -477.290
           1420          96523       -506.197
           1430          97364       -824.185
           1440          98163       -824.185
           1450          99163       -510.803
           1460         100130       -510.803
           1470         101062       -510.803
           1480         102053       -510.803
           1490         103053       -498.033
           1500         104053       -498.033
           1510         105042       -516.375
           1520         105985       -498.033
           1530         106919       -498.033
           1540         107831       -498.033
           1550         108755       -498.033
           1560         109718       -498.033
           1570         110718       -498.033
           1580         111645       -498.033
           1590         112645       -498.033
           1600         113528       -540.385
           1610         114528       -540.385
           1620         115528       -540.385
           1630         116528       -575.362
           1640         117477       -547.590
           1650         118392      -2761.009
           1660         119390       -621.789
           1670         120390       -594.132
           1680         121373       -588.931
           1690         122225       -490.784
           1700         123122       -490.784
           1710         124096       -490.784
           1720         124974       -490.784
           1730         125856       -490.784
           1740         126856       -490.784
           1750         127603       -490.784
           1760         128603       -490.497
           1770         129515       -490.728
           1780         130515       -490.497
           1790         131500       -501.785
           1800         132417       -501.785
           1810         133417       -501.785
           1820         134341       -501.785
           1830         135341       -501.785
           1840         136289       -498.297
           1850         137266       -536.184
           1860         138266       -489.837
           1870         139122       -489.837
           1880         140089       -477.197
           1890         141089       -477.197
           1900         142017       -477.197
           1910         143017       -545.497
           1920         143985       -489.900
           1930         144985       -489.900
           1940         145929       -489.900
           1950         146929       -489.900
           1960         147929       -489.900
           1970         148853       -477.197
           1980         149853       -496.850
           1990         150853       -509.399
           2000         151778       -489.900
           2010         152761       -489.900
           2020         153691       -488.897
           2030         154691       -488.897
           2040         155602       -488.897
           2050         156529       -505.458
           2060         157461       -486.516
           2070         158461       -486.516
           2080         159461       -517.319
           2090         160338       -498.187
           2100         161281       -489.047
           2110         162252       -489.047
           2120         163132       -516.949
           2130         163953       -495.322
           2140         164953       -512.846
           2150         165953       -516.949
           2160         166953       -516.949
           2170         167953       -511.711
           2180         168923       -489.047
           2190         169846       -488.897
           2200         170846       -488.897
           2210         171846       -488.897
           2220         172846       -488.897
           2230         173846       -488.897
           2240         174846       -521.012
           2250         175769       -497.814
           2260         176769       -497.814
           2270         177769       -497.814
           2280         178769       -499.476
           2290         179769       -479.056
           2300         180769       -486.516
           2310         181696       -486.516
           2320         182625       -486.516
           2330         183625       -486.516
           2340         184625       -486.516
           2350         185625       -486.516
           2360         186625       -531.320
           2370         187549       -514.511
           2380         188487       -486.516
           2390         189487       -486.516
           2400         190386       -486.516
           2410         191386       -486.516
           2420         192386       -486.516
           2430         193386       -486.516
           2440         194321       -486.516
           2450         195321       -481.239
           2460         196321       -529.737
           2470         197321       -489.583
           2480         198321       -486.516
           2490         199321       -486.516
           2500         200321       -487.929
           2510         201321       -507.286
           2520         202253       -507.286
           2530         203186       -507.286
           2540         204186       -507.286
           2550         205186       -507.286
           2560         206186       -519.076
           2570         207186       -519.076
           2580         208186       -507.286
           2590         208961       -505.893
           2600         209961       -507.286
           2610         210935       -507.286
           2620         211935       -506.843
           2630         212935       -507.286
           2640         213935       -507.286
           2650         214935       -507.286
           2660         215935       -507.286
           2670         216870       -507.286
           2680         217870       -507.286
           2690         218870       -507.286
           2700         219870       -507.286
           2710         220870       -507.286
           2720         221870       -507.286
           2730         222870       -507.286
           2740         223836       -507.286
           2750         224766       -507.286
           2760         225766       -507.286
           2770         226766       -487.929
           2780         227766       -487.929
           2790         228766       -490.871
           2800         229766       -490.871
           2810         230720       -487.929
           2820         231595       -487.929
           2830         232595       -487.929
           2840         233595       -487.929
           2850         234571       -487.929
           2860         235523       -490.871
           2870         236523       -490.871
           2880         237390       -487.929
           2890         238360       -487.929
           2900         239360       -487.929
           2910         240360       -524.358
           2920         241324       -519.321
           2930         242324       -487.929
           2940         243324       -496.850
           2950         244324       -496.850
           2960         245256       -496.850
           2970         246256       -496.850
           2980         247256       -487.929
           2990         248256       -518.030
           3000         249256       -487.929
           3010         250256       -487.929
           3020         251256       -487.929
           3030         252256       -487.929
           3040         253256       -487.929
           3050         254256       -487.929
           3060         255256       -487.929
           3070         256183       -487.929
           3080         257133       -529.596
           3090         258133       -487.929
           3100         259133       -487.929
           3110         260133       -487.929
           3120         261133       -518.030
           3130         262133       -518.030
           3140         263133       -519.435
           3150         264123       -509.041
           3160         265123       -510.117
           3170         266047       -487.929
           3180         266912       -487.929
           3190         267834       -487.929
           3200         268834       -487.929
           3210         269834       -487.929
           3220         270834       -487.929
           3230         271760       -487.929
           3240         272760       -487.929
           3250         273711       -487.929
           3260         274711       -487.929
           3270         275711       -487.929
           3280         276711       -487.929
           3290         277711       -487.929
           3300         278711       -487.929
           3310         279711       -487.929
           3320         280711       -487.929
           3330         281711       -487.929
           3340         282711       -487.929
           3350         283673       -487.929
           3360         284673       -487.929
           3370         285673       -487.929
           3380         286673       -490.871
           3390         287673       -490.871
           3400         288661       -524.358
           3410         289587       -487.929
           3420         290587       -487.929
           3430         291587       -487.929
           3440         292524       -487.929
           3450         293524       -487.929
           3460         294524       -487.929
           3470         295524       -487.929
           3480         296524       -487.929
           3490         297524       -487.929
           3500         298524       -487.929
           3510         299524       -518.030
           3520         300524       -518.030
           3530         301524       -487.929
           3540         302524       -487.929
           3550         303524       -487.929
           3560         304524       -487.929
           3570         305524       -487.929
           3580         306524       -487.929
           3590         307524       -487.929
           3600         308524       -487.929
           3610         309524       -487.929
           3620         310524       -487.929
           3630         311524       -487.929
           3640         312524       -487.929
           3650         313524       -487.929
           3660         314524       -518.030
           3670         315524       -487.929
           3680         316524       -507.286
           3690         317524       -490.871
           3700         318524       -507.286
           3710         319448       -507.286
           3720         320448       -507.286
           3730         321448       -507.286
           3740         322448       -507.286
           3750         323448       -519.076
           3760         324448       -519.076
           3770         325448       -507.286
           3780         326448       -519.076
           3790         327448       -505.893
           3800         328448       -519.076
           3810         329448       -498.843
           3820         330448       -507.003
           3830         331448       -507.003
           3840         332448       -507.003
           3850         333448       -507.003
           3860         334448       -507.003
           3870         335448       -507.003
           3880         336448       -507.003
           3890         337448       -518.030
           3900         338448       -507.003
           3910         339448       -507.003
           3920         340448       -507.003
           3930         341448       -507.003
           3940         342448       -507.003
           3950         343448       -507.003
           3960         344371       -507.003
           3970         345371       -507.003
           3980         346371       -507.003
           3990         347371       -507.003
           4000         348371       -507.003
           4010         349371       -507.003
           4020         350371       -507.003
           4030         351371       -507.003
           4040         352371       -507.003
           4050         353371       -507.003
           4060         354371       -507.003
           4070         355371       -507.003
           4080         356371       -507.003
           4090         357371       -507.003
           4100         358371       -487.929
           4110         359371       -487.929
           4120         360308       -487.929
           4130         361308       -487.929
           4140         362308       -487.929
           4150         363308       -487.929
           4160         364308       -487.929
           4170         365308       -487.929
           4180         366308       -516.161
           4190         367308       -516.161
           4200         368308       -487.929
           4210         369308       -487.929
           4220         370308       -487.929
           4230         371308       -487.929
           4240         372308       -487.929
           4250         373308       -487.929
           4260         374308       -487.929
           4270         375308       -487.929
           4280         376308       -487.929
           4290         377308       -487.929
           4300         378308       -487.929
           4310         379308       -487.929
           4320         380308       -487.929
           4330         381308       -487.929
           4340         382308       -487.929
           4350         383308       -487.929
           4360         384308       -487.929
           4370         385308       -487.929
           4380         386308       -487.929
           4390         387308       -487.929
           4400         388308       -487.929
           4410         389308       -487.929
           4420         390308       -487.929
           4430         391308       -576.167
           4440         392308       -487.929
           4450         393308       -487.929
           4460         394308       -487.929
           4470         395308       -487.929
           4480         396308       -487.929
           4490         397308       -487.929
           4500         398308       -487.929
           4510         399308       -487.929
           4520         400308       -487.929
           4530         401308       -487.929
           4540         402308       -487.929
           4550         403308       -547.645
           4560         404308       -498.095
           4570         405308       -498.095
           4580         406308       -498.095
           4590         407308       -498.095
           4600         408308       -487.929
           4610         409308       -487.929
           4620         410308       -487.929
           4630         411308       -487.929
           4640         412308       -487.929
           4650         413308       -487.929
           4660         414308       -487.929
           4670         415308       -487.929
           4680         416308       -487.929
           4690         417308       -487.929
           4700         418308       -487.929
           4710         419308       -487.929
           4720         420308       -487.929
           4730         421308       -487.929
           4740         422308       -487.929
           4750         423308       -487.929
           4760         424308       -487.929
           4770         425308       -487.929
           4780         426308       -487.929
           4790         427308       -487.929
           4800         428308       -487.929
           4810         429308       -487.929
           4820         430308       -487.929
           4830         431308       -487.929
           4840         432308       -487.929
           4850         433308       -487.929
           4860         434308       -487.929
           4870         435308       -487.929
           4880         436308       -487.929
           4890         437308       -487.929
           4900         438308       -487.929
           4910         439308       -487.929
           4920         440308       -487.929
           4930         441308       -487.929
           4940         442308       -487.929
           4950         443308       -487.929
           4960         444308       -487.929
           4970         445308       -487.929
           4980         446308       -487.929
           4990         447308       -487.929
           5000         448308       -487.929
           5010         449308       -487.929
           5020         450308       -487.929
           5030         451308       -487.929
           5040         452308       -487.929
           5050         453308       -487.929
           5060         454308       -487.929
           5070         455308       -487.929
           5080         456308       -487.929
           5090         457308       -487.929
           5100         458308       -487.929
           5110         459308       -487.929
           5120         460308       -487.929
           5130         461308       -487.929
           5140         462308       -487.929
           5150         463308       -487.929
           5160         464308       -487.929
           5170         465308       -487.929
           5180         466308       -487.929
           5190         467308       -487.929
           5200         468308       -487.929
           5210         469308       -487.929
           5220         470308       -487.929
           5230         471308       -487.929
           5240         472308       -487.929
           5250         473308       -487.929
           5260         474308       -487.929
           5270         475308       -487.929
           5280         476308       -487.929
           5290         477308       -487.929
           5300         478308       -487.929
           5310         479308       -487.929
           5320         480308       -487.929
           5330         481308       -487.929
           5340         482308       -487.929
           5350         483308       -487.929
           5360         484308       -487.929
           5370         485308       -487.929
           5380         486308       -487.929
           5390         487308       -487.929
           5400         488308       -487.929
           5410         489308       -487.929
           5420         490308       -487.929
           5430         491308       -487.929
           5440         492308       -487.929
           5450         493308       -487.929
           5460         494308       -487.929
           5470         495308       -487.929
           5480         496308       -487.929
           5490         497308       -487.929
           5500         498308       -487.929
           5510         499308       -487.929
