             10            946      -4052.258
             20           1830      -4866.168
             30           2671      -4970.522
             40           3584      -5821.771
             50           4515      -5720.721
             60           5460      -5756.930
             70           6460      -4864.228
             80           7332      -5674.038
             90           8241      -5251.739
            100           9241      -5268.188
            110          10196      -5691.061
            120          11140      -6179.580
            130          12098      -6116.328
            140          13009      -6177.472
            150          14009      -6169.988
            160          14931      -6143.565
            170          15923      -6295.782
            180          16923      -5788.795
            190          17862      -6746.523
            200          18861      -4738.311
            210          19850      -5500.767
            220          20755      -5898.694
            230          21755      -5538.000
            240          22755      -5691.689
            250          23729      -5237.189
            260          24635      -6417.193
            270          25635      -6194.545
            280          26621      -6643.899
            290          27508      -6859.493
            300          28508      -6337.924
            310          29508      -5842.596
            320          30499      -5928.037
            330          31424      -5862.474
            340          32419      -6126.044
            350          33400      -5202.988
            360          34400      -5841.307
            370          35396      -6266.453
            380          36364      -5925.773
            390          37364      -5085.828
            400          38364      -5425.561
            410          39267      -5459.597
            420          40267      -7023.765
            430          41238      -7007.215
            440          42199      -5901.037
            450          43199      -7080.395
            460          44144      -7794.988
            470          45144      -6142.951
            480          46144      -4934.802
            490          47119      -5907.914
            500          48100      -7701.054
            510          49048      -5391.897
            520          50048      -5837.223
            530          51048      -6259.599
            540          52010      -5781.221
            550          53010      -7296.358
            560          54010      -6925.595
            570          54989      -6748.525
            580          55959      -8539.943
            590          56924      -5989.122
            600          57898      -5487.277
            610          58898      -5635.745
            620          59898      -6415.319
            630          60877      -5196.052
            640          61877      -5129.991
            650          62877      -6435.502
            660          63830      -5366.535
            670          64823      -6832.208
            680          65823      -6944.561
            690          66779      -5728.149
            700          67779      -6342.326
            710          68779      -7810.257
            720          69765      -8401.310
            730          70707      -4462.628
            740          71561      -4998.991
            750          72440      -5554.562
            760          73385      -5989.970
            770          74351      -5760.178
            780          75224      -5390.992
            790          76222      -4934.802
            800          77101      -4947.370
            810          78044      -5109.867
            820          78902      -7036.316
            830          79883      -2401.132
            840          80843      -5522.731
            850          81698      -4148.295
            860          82653      -5004.825
            870          83614      -5625.720
            880          84562      -5339.923
            890          85433      -5252.692
            900          86392      -7359.888
            910          87351      -6217.477
            920          88264      -7944.500
            930          89202      -6975.584
            940          90093      -5924.695
            950          91089      -5924.337
            960          91982      -4803.813
            970          92889      -4252.014
            980          93821      -5467.871
            990          94809      -5667.951
           1000          95563      -4102.835
           1010          96444      -5514.995
           1020          97228      -7309.091
           1030          98156      -4531.671
           1040          99151      -5477.918
           1050         100006      -7951.850
           1060         100932      -5698.039
           1070         101814      -3869.035
           1080         102605      -4351.320
           1090         103516      -4564.942
           1100         104338      -6239.574
           1110         105135      -2355.493
           1120         106021      -6713.139
           1130         106911      -5268.854
           1140         107669      -4575.464
           1150         108541      -2261.290
           1160         109511      -3856.648
           1170         110307      -5829.967
           1180         111237      -4022.250
           1190         112229      -5286.160
           1200         113145      -6600.383
           1210         114102      -8281.181
           1220         114877      -6749.366
           1230         115766      -4279.401
           1240         116597      -3353.917
           1250         117556      -5457.464
           1260         118451      -4345.151
           1270         119360      -5523.186
           1280         120257      -4654.650
           1290         121173      -6262.666
           1300         121983      -2460.715
           1310         122667      -6204.416
           1320         123543      -4891.916
           1330         124442      -5158.154
           1340         125320      -3605.877
           1350         126200      -3219.579
           1360         127171      -4081.852
           1370         128010      -4934.802
           1380         128943      -4104.057
           1390         129924      -6206.355
           1400         130698      -3930.234
           1410         131571      -1961.705
           1420         132348      -6526.735
           1430         133232      -2738.602
           1440         134179      -2575.426
           1450         135027      -6872.857
           1460         135863      -2656.134
           1470         136731      -4414.487
           1480         137489      -4259.608
           1490         138305      -6241.767
           1500         139137      -4269.943
           1510         139842      -3611.010
           1520         140680      -2495.611
           1530         141557      -2396.160
           1540         142440      -4824.297
           1550         143232      -5463.203
           1560         144107      -4934.802
           1570         145048      -4514.610
           1580         145822      -2486.460
           1590         146713      -3932.506
           1600         147499      -3598.588
           1610         148180      -5219.600
           1620         149000      -3916.602
           1630         149893      -4125.217
           1640         150821      -5306.117
           1650         151641      -5040.506
           1660         152518      -2605.727
           1670         153236      -2662.297
           1680         154106      -4016.900
           1690         154922      -4884.961
           1700         155626      -3810.135
           1710         156430      -3768.171
           1720         157074      -4344.260
           1730         157808      -2824.472
           1740         158626      -2773.197
           1750         159409      -4000.970
           1760         160189      -2089.215
           1770         161001      -3946.328
           1780         161659      -3553.986
           1790         162383      -5851.176
           1800         163151      -2147.885
           1810         163900      -2016.118
           1820         164707      -3783.707
           1830         165572      -3711.752
           1840         166374      -4157.496
           1850         167319      -4958.060
           1860         168147      -2625.290
           1870         168940      -3827.975
           1880         169775      -2676.897
           1890         170646      -2577.578
           1900         171428      -4711.578
           1910         172200      -3288.975
           1920         172964      -4004.229
           1930         173735      -2922.893
           1940         174454      -3544.680
           1950         175335      -2667.747
           1960         176176      -2664.238
           1970         176868      -2278.380
           1980         177719      -2420.268
           1990         178407      -2117.534
           2000         179239      -2852.561
           2010         180126      -3381.036
           2020         180813      -3708.419
           2030         181466      -2508.428
           2040         182268      -2234.235
           2050         182992      -2061.117
           2060         183689      -3498.075
           2070         184422      -4660.500
           2080         185204      -1841.688
           2090         186005      -1575.852
           2100         186744      -2137.490
           2110         187460      -2974.146
           2120         188384      -3084.032
           2130         189091      -2243.824
           2140         189874      -3102.378
           2150         190753      -2085.617
           2160         191542      -2913.894
           2170         192417      -1823.414
           2180         193240      -1997.937
           2190         194069      -2177.509
           2200         194939      -2372.517
           2210         195883      -1747.388
           2220         196748      -1920.668
           2230         197603      -1731.369
           2240         198522      -1933.723
           2250         199420      -2067.741
           2260         200365      -2190.416
           2270         201359      -1627.560
           2280         202234      -1812.992
           2290         203177      -3000.659
           2300         204105      -2656.550
           2310         204976      -1202.378
           2320         205911      -3600.060
           2330         206795      -1978.338
           2340         207737      -3348.735
           2350         208700      -5071.775
           2360         209654      -1955.246
           2370         210654      -1616.579
           2380         211590      -2194.040
           2390         212479      -1219.179
           2400         213460      -1612.754
           2410         214460      -1893.221
           2420         215395      -1260.875
           2430         216395      -1190.771
           2440         217336      -4832.730
           2450         218336      -2559.060
           2460         219301      -1197.301
           2470         220301      -1210.104
           2480         221286      -1184.877
           2490         222081      -1210.104
           2500         223081      -2515.382
           2510         224081      -2911.158
           2520         225038      -2878.525
           2530         226015      -2878.525
           2540         226988      -2899.030
           2550         227899      -3404.382
           2560         228870      -2657.682
           2570         229870      -1140.148
           2580         230833      -1140.148
           2590         231833      -1140.148
           2600         232742      -4178.739
           2610         233742      -4164.273
           2620         234678      -4330.724
           2630         235636      -4330.724
           2640         236636      -1183.303
           2650         237636      -1183.303
           2660         238614      -1183.303
           2670         239540      -1183.303
           2680         240439      -1183.303
           2690         241372      -1192.216
           2700         242325      -1192.216
           2710         243288      -1192.216
           2720         244210      -1192.216
           2730         245210      -1192.216
           2740         246210      -1192.216
           2750         247210      -1192.216
           2760         248183      -1192.216
           2770         249183      -1192.216
           2780         250183      -1192.216
           2790         251124      -1192.216
           2800         252124      -1192.216
           2810         253057      -1192.216
           2820         254057      -1192.216
           2830         254958      -1290.476
           2840         255927      -1192.216
           2850         256869      -1183.303
           2860         257868      -1246.112
           2870         258809      -1246.112
           2880         259748      -1246.112
           2890         260748      -1246.112
           2900         261580      -1246.112
           2910         262459      -1246.112
           2920         263459      -1246.112
           2930         264402      -1246.112
           2940         265278      -1183.303
           2950         266278      -1183.303
           2960         267278      -1183.303
           2970         268257      -1183.303
           2980         269257      -1183.303
           2990         270224      -1183.303
           3000         271224      -1183.303
           3010         272157      -1192.895
           3020         273119      -1192.895
           3030         274119      -1213.858
           3040         275063      -1164.060
           3050         276004      -1164.060
           3060         277004      -1191.800
           3070         278004      -1183.597
           3080         278976      -1183.597
           3090         279976      -1164.060
           3100         280948      -1164.060
           3110         281948      -1164.060
           3120         282909      -1164.060
           3130         283909      -1164.060
           3140         284909      -1246.045
           3150         285909      -1246.045
           3160         286872      -1174.672
           3170         287809      -1174.672
           3180         288809      -1174.672
           3190         289798      -1164.060
           3200         290798      -1164.060
           3210         291798      -1246.045
           3220         292798      -1246.045
           3230         293798      -1246.045
           3240         294798      -1246.045
           3250         295798      -1246.045
           3260         296798      -1164.060
           3270         297751      -1164.060
           3280         298692      -1164.060
           3290         299584      -1164.060
           3300         300584      -1164.060
           3310         301519      -1164.060
           3320         302519      -1164.060
           3330         303519      -1164.060
           3340         304479      -1164.060
           3350         305479      -1164.060
           3360         306415      -1164.060
           3370         307415      -1164.060
           3380         308415      -1164.060
           3390         309415      -1164.060
           3400         310415      -1183.597
           3410         311415      -1191.800
           3420         312371      -1164.060
           3430         313314      -1164.060
           3440         314251      -1164.060
           3450         315251      -1164.060
           3460         316251      -1164.060
           3470         317251      -1164.060
           3480         318209      -1164.060
           3490         319209      -1164.060
           3500         320209      -1164.060
           3510         321209      -1164.060
           3520         322209      -1164.060
           3530         323209      -1164.060
           3540         324209      -1164.060
           3550         325209      -1164.060
           3560         326209      -1164.060
           3570         327155      -1173.334
           3580         328155      -1173.334
           3590         329155      -1173.334
           3600         330155      -1173.334
           3610         331155      -1173.334
           3620         332155      -1200.501
           3630         333155      -1173.334
           3640         334155      -1173.334
           3650         335155      -1173.334
           3660         336155      -1173.334
           3670         337155      -1173.334
           3680         338155      -1173.334
           3690         339054      -1173.334
           3700         339990      -1191.285
           3710         340990      -1191.285
           3720         341953      -1200.501
           3730         342953      -1173.334
           3740         343953      -1173.334
           3750         344953      -1173.334
           3760         345887      -1173.334
           3770         346842      -1173.334
           3780         347842      -1173.334
           3790         348712      -1173.334
           3800         349712      -1173.334
           3810         350712      -1173.334
           3820         351712      -1173.334
           3830         352659      -1173.334
           3840         353659      -1173.334
           3850         354659      -1173.334
           3860         355620      -1173.334
           3870         356554      -1173.334
           3880         357554      -1200.501
           3890         358554      -1173.334
           3900         359491      -1173.334
           3910         360491      -1173.334
           3920         361491      -1173.334
           3930         362491      -1173.334
           3940         363491      -1173.334
           3950         364491      -1173.334
           3960         365491      -1173.334
           3970         366491      -1173.334
           3980         367491      -1173.334
           3990         368491      -1173.334
           4000         369491      -1173.334
           4010         370491      -1173.334
           4020         371491      -1173.334
           4030         372491      -1173.334
           4040         373491      -1175.055
           4050         374491      -1192.551
           4060         375491      -1173.334
           4070         376443      -1173.334
           4080         377384      -1173.334
           4090         378384      -1173.334
           4100         379384      -1173.334
           4110         380384      -1173.334
           4120         381317      -1173.334
           4130         382317      -1173.334
           4140         383317      -1173.334
           4150         384317      -1173.334
           4160         385317      -1173.334
           4170         386317      -1173.334
           4180         387317      -1173.334
           4190         388317      -1173.334
           4200         389317      -1173.334
           4210         390273      -1200.501
           4220         391273      -1191.285
           4230         392151      -1173.334
           4240         393151      -1173.334
           4250         394151      -1173.334
           4260         395151      -1173.334
           4270         396093      -1173.334
           4280         397028      -1173.334
           4290         398028      -1173.334
           4300         399028      -1173.334
           4310         399961      -1173.334
           4320         400961      -1173.334
           4330         401961      -1173.334
           4340         402961      -1173.334
           4350         403895      -1173.334
           4360         404836      -1173.334
           4370         405836      -1173.334
           4380         406836      -1173.334
           4390         407836      -1173.334
           4400         408836      -1173.334
           4410         409836      -1173.334
           4420         410798      -1173.334
           4430         411798      -1173.334
           4440         412798      -1173.334
           4450         413798      -1173.334
           4460         414756      -1173.334
           4470         415702      -1173.334
           4480         416702      -1173.334
           4490         417702      -1173.334
           4500         418702      -1173.334
           4510         419640      -1173.334
           4520         420640      -1173.334
           4530         421640      -1092.007
           4540         422640      -1092.007
           4550         423577      -1092.007
           4560         424577      -1092.007
           4570         425527      -1092.007
           4580         426527      -1092.007
           4590         427527      -1092.007
           4600         428527      -1092.007
           4610         429527      -1092.007
           4620         430527      -1092.007
           4630         431527      -1092.007
           4640         432461      -1092.007
           4650         433461      -1092.007
           4660         434461      -1092.007
           4670         435461      -1092.007
           4680         436395      -1109.921
           4690         437395      -1092.007
           4700         438395      -1092.007
           4710         439358      -1092.007
           4720         440335      -1092.007
           4730         441297      -1092.007
           4740         442297      -1092.007
           4750         443297      -1092.007
           4760         444297      -1092.007
           4770         445234      -1092.007
           4780         446234      -1092.007
           4790         447234      -1092.007
           4800         448234      -1092.007
           4810         449234      -1092.007
           4820         450234      -1092.007
           4830         451230      -1092.007
           4840         452230      -1092.007
           4850         453230      -1092.007
           4860         454230      -1092.007
           4870         455230      -1092.007
           4880         456230      -1092.007
           4890         457230      -1092.007
           4900         458230      -1092.007
           4910         459230      -1092.007
           4920         460230      -1092.007
           4930         461230      -1092.007
           4940         462230      -1092.007
           4950         463230      -1092.007
           4960         464230      -1092.007
           4970         465230      -1092.007
           4980         466230      -1092.007
           4990         467230      -1092.007
           5000         468230      -1092.007
           5010         469230      -1092.007
           5020         470230      -1092.007
           5030         471230      -1092.007
           5040         472230      -1092.007
           5050         473230      -1092.007
           5060         474230      -1092.007
           5070         475230      -1092.007
           5080         476230      -1092.007
           5090         477230      -1092.007
           5100         478230      -1109.921
           5110         479230      -1092.007
           5120         480230      -1092.007
           5130         481230      -1092.007
           5140         482230      -1092.007
           5150         483230      -1092.007
           5160         484230      -1092.007
           5170         485230      -1092.007
           5180         486230      -1092.007
           5190         487230      -1092.007
           5200         488230      -1092.007
           5210         489230      -1092.007
           5220         490230      -1092.007
           5230         491230      -1092.007
           5240         492230      -1092.007
           5250         493230      -1092.007
           5260         494230      -1092.007
           5270         495230      -1092.007
           5280         496230      -1092.007
           5290         497230      -1092.007
           5300         498230      -1092.007
           5310         499230      -1092.007
