             10            722      -4934.802
             20           1431      -5488.637
             30           2239      -5416.969
             40           3161      -4768.238
             50           3913      -5693.978
             60           4791      -5414.798
             70           5791      -5524.862
             80           6744      -5107.233
             90           7605      -5008.847
            100           8502      -5882.789
            110           9472      -5828.237
            120          10331      -5985.714
            130          11249      -6071.768
            140          12211      -5523.674
            150          13165      -6181.384
            160          14165      -5776.697
            170          15091      -4868.968
            180          16000      -3194.297
            190          16965      -5716.185
            200          17908      -5757.451
            210          18801      -6018.108
            220          19686      -5794.369
            230          20651      -6153.682
            240          21582      -5475.146
            250          22547      -6208.877
            260          23547      -5717.179
            270          24520      -6265.961
            280          25410      -5773.984
            290          26382      -7830.221
            300          27347      -6169.920
            310          28316      -5550.709
            320          29262      -5592.425
            330          30232      -6729.952
            340          31201      -6268.251
            350          32201      -3858.317
            360          33201      -6429.421
            370          34085      -5629.763
            380          35013      -6938.222
            390          35970      -5951.359
            400          36906      -5337.476
            410          37891      -5431.224
            420          38865      -5351.839
            430          39865      -6134.230
            440          40775      -5583.373
            450          41703      -6202.290
            460          42695      -7828.111
            470          43680      -5125.187
            480          44674      -6023.434
            490          45614      -5176.940
            500          46524      -6931.145
            510          47414      -4455.461
            520          48345      -6470.572
            530          49235      -4282.416
            540          50102      -6051.979
            550          50818      -6414.616
            560          51736      -6356.656
            570          52636      -4520.406
            580          53446      -6981.679
            590          54322      -7062.586
            600          55268      -6525.200
            610          56200      -6420.424
            620          57143      -4934.802
            630          58053      -3889.088
            640          58997      -4857.925
            650          59941      -5247.565
            660          60915      -5047.402
            670          61671      -5835.563
            680          62526      -2921.634
            690          63462      -6640.695
            700          64360      -4589.196
            710          65155      -6661.677
            720          65819      -4038.432
            730          66606      -7095.128
            740          67379      -5243.192
            750          68125      -3928.718
            760          69011      -6852.454
            770          69728      -2267.145
            780          70591      -2321.236
            790          71407      -4816.774
            800          72127      -4970.748
            810          72873      -5536.040
            820          73641      -6772.336
            830          74481      -7400.413
            840          75259      -5110.074
            850          75936      -7060.316
            860          76663      -5622.071
            870          77434      -5546.526
            880          78273      -4743.630
            890          79227      -4329.183
            900          80221      -4552.030
            910          81154      -4160.821
            920          82017      -4776.984
            930          82962      -5297.814
            940          83790      -5068.624
            950          84754      -6412.012
            960          85697      -4073.817
            970          86424      -5851.618
            980          87042      -5252.125
            990          87616      -2436.963
           1000          88199      -2445.066
           1010          88987      -3812.865
           1020          89629      -2595.304
           1030          90304      -2585.614
           1040          91040      -1114.217
           1050          91754      -4569.870
           1060          92562      -3378.979
           1070          93255      -8740.282
           1080          93875      -2291.611
           1090          94629      -5515.393
           1100          95221      -2020.346
           1110          95992      -2994.144
           1120          96609      -2149.987
           1130          97271      -2808.928
           1140          97861      -1096.320
           1150          98529      -3380.199
           1160          99099      -5560.616
           1170          99747      -1109.083
           1180         100311      -5940.648
           1190         100933      -1182.857
           1200         101702      -3291.977
           1210         102268      -2468.082
           1220         103041      -1077.518
           1230         103690      -5730.417
           1240         104141      -5730.417
           1250         104672      -1043.951
           1260         105385       -890.081
           1270         106157      -2227.464
           1280         106879      -2847.084
           1290         107540      -1051.517
           1300         108236      -3441.930
           1310         108941      -1004.850
           1320         109589      -2355.717
           1330         110398      -1161.397
           1340         111123      -1092.865
           1350         111827      -2527.712
           1360         112423      -1060.088
           1370         113137      -2778.537
           1380         114012      -2767.058
           1390         114678      -2088.180
           1400         115257      -4946.872
           1410         115917      -1018.468
           1420         116649      -2732.568
           1430         117367      -3022.417
           1440         118057       -727.269
           1450         118688      -2346.863
           1460         119287      -1143.339
           1470         120112      -1040.725
           1480         120929      -2251.989
           1490         121724       -698.902
           1500         122595       -698.902
           1510         123382       -698.902
           1520         124141      -3485.165
           1530         124877      -3192.304
           1540         125667       -736.806
           1550         126421       -898.389
           1560         127244      -1132.134
           1570         127927      -2819.561
           1580         128656      -3148.577
           1590         129396      -3153.008
           1600         130040      -3153.008
           1610         130787      -2925.183
           1620         131517      -1051.106
           1630         132287      -2767.323
           1640         132946      -1042.113
           1650         133688       -998.317
           1660         134469       -756.192
           1670         135140       -697.451
           1680         135913       -725.582
           1690         136750       -726.904
           1700         137664       -698.902
           1710         138664       -698.902
           1720         139644       -698.902
           1730         140601       -698.902
           1740         141458       -707.721
           1750         142253       -707.721
           1760         143156       -743.765
           1770         144070       -688.040
           1780         144982       -707.054
           1790         145873       -707.721
           1800         146807       -688.419
           1810         147760       -688.419
           1820         148609      -1035.408
           1830         149447       -719.441
           1840         150295       -787.323
           1850         151072       -688.419
           1860         151975       -845.092
           1870         152757      -1539.265
           1880         153523      -1049.471
           1890         154392       -929.019
           1900         155113       -827.994
           1910         156033       -819.656
           1920         156749      -1011.003
           1930         157413      -1019.360
           1940         158088      -1087.440
           1950         158849       -718.449
           1960         159614      -1088.398
           1970         160575       -759.101
           1980         161483      -4714.770
           1990         162337      -4757.480
           2000         163139      -4757.480
           2010         163976      -4731.220
           2020         164903      -3251.761
           2030         165704       -787.194
           2040         166657       -787.194
           2050         167399       -793.361
           2060         168139       -787.194
           2070         169139       -688.419
           2080         170068       -688.419
           2090         171031       -688.419
           2100         171940       -688.556
           2110         172881       -709.886
           2120         173881       -709.886
           2130         174767       -709.886
           2140         175669      -5153.479
           2150         176624      -2133.258
           2160         177492      -2113.787
           2170         178427       -755.112
           2180         179305       -698.902
           2190         180305       -698.902
           2200         181120       -698.902
           2210         182082       -698.902
           2220         183082       -698.902
           2230         183949       -746.066
           2240         184897       -727.987
           2250         185701       -756.863
           2260         186642       -698.902
           2270         187642       -698.902
           2280         188585       -698.902
           2290         189585       -698.902
           2300         190472       -756.863
           2310         191395       -698.902
           2320         192289       -698.902
           2330         193289       -698.902
           2340         194289       -698.902
           2350         195171       -698.902
           2360         196134       -736.781
           2370         197086       -736.781
           2380         198018       -727.063
           2390         198978       -746.066
           2400         199913       -746.066
           2410         200913       -727.587
           2420         201879       -746.066
           2430         202792       -746.066
           2440         203792       -746.066
           2450         204724       -746.066
           2460         205724       -734.346
           2470         206592       -755.924
           2480         207592       -764.711
           2490         208592       -765.219
           2500         209528       -764.711
           2510         210428       -698.902
           2520         211367       -698.902
           2530         212367       -698.902
           2540         213282       -698.902
           2550         214235       -698.902
           2560         215170       -698.902
           2570         216170       -698.902
           2580         217047       -698.902
           2590         218047       -698.902
           2600         219037       -698.902
           2610         219960       -698.902
           2620         220960       -698.902
           2630         221832       -698.902
           2640         222779      -2893.190
           2650         223744      -2849.568
           2660         224670       -746.066
           2670         225605       -734.346
           2680         226605       -698.902
           2690         227605       -698.902
           2700         228605       -698.902
           2710         229592       -698.902
           2720         230590       -698.902
           2730         231525       -698.902
           2740         232525       -698.902
           2750         233525       -698.902
           2760         234509       -698.902
           2770         235479       -771.105
           2780         236403       -698.902
           2790         237340       -698.902
           2800         238340       -698.902
           2810         239244       -698.902
           2820         240185       -698.902
           2830         241146       -698.902
           2840         242146       -698.902
           2850         243101       -700.157
           2860         244065       -698.902
           2870         245010       -698.902
           2880         246010       -698.902
           2890         246942       -698.902
           2900         247942       -698.902
           2910         248884       -698.902
           2920         249816       -698.902
           2930         250748       -771.105
           2940         251744       -698.902
           2950         252744       -698.902
           2960         253674       -746.066
           2970         254639       -746.066
           2980         255639       -698.902
           2990         256639       -698.902
           3000         257639       -698.902
           3010         258599       -698.902
           3020         259599       -698.902
           3030         260587       -771.105
           3040         261536       -803.193
           3050         262488       -698.902
           3060         263488       -698.902
           3070         264464       -698.902
           3080         265464       -698.902
           3090         266464       -698.902
           3100         267390       -698.902
           3110         268312       -698.902
           3120         269312       -698.902
           3130         270312       -698.902
           3140         271312       -725.532
           3150         272312       -698.902
           3160         273312       -698.902
           3170         274312       -698.902
           3180         275269       -698.902
           3190         276216       -698.902
           3200         277171       -698.902
           3210         278171       -698.902
           3220         279171       -698.902
           3230         280171       -700.157
           3240         281133       -698.902
           3250         282097       -725.532
           3260         283097       -698.902
           3270         284057       -698.902
           3280         285021       -698.902
           3290         286021       -771.105
           3300         287021       -698.902
           3310         288021       -698.902
           3320         288976       -698.902
           3330         289976       -698.902
           3340         290976       -698.902
           3350         291976       -698.902
           3360         292976       -698.902
           3370         293929       -698.902
           3380         294881       -698.902
           3390         295881       -698.902
           3400         296855       -698.902
           3410         297855       -746.066
           3420         298855       -698.902
           3430         299804       -698.902
           3440         300804       -698.902
           3450         301804       -698.902
           3460         302721       -771.105
           3470         303649       -725.532
           3480         304576       -725.532
           3490         305507       -718.600
           3500         306450       -746.066
           3510         307419       -725.532
           3520         308419       -725.532
           3530         309356       -725.532
           3540         310306       -725.532
           3550         311262       -725.532
           3560         312262       -725.532
           3570         313262       -698.902
           3580         314262       -727.066
           3590         315262       -727.066
           3600         316262       -727.066
           3610         317262       -727.066
           3620         318262       -727.066
           3630         319262       -727.066
           3640         320254       -727.066
           3650         321254       -727.066
           3660         322186       -727.066
           3670         323186       -727.066
           3680         324186       -727.066
           3690         325186       -727.066
           3700         326186       -727.066
           3710         327186       -727.066
           3720         328142       -727.066
           3730         329142       -727.066
           3740         330142       -727.066
           3750         331142       -727.066
           3760         332073       -727.066
           3770         333027       -747.697
           3780         333970       -698.902
           3790         334942       -698.902
           3800         335942       -698.902
           3810         336869       -707.682
           3820         337869       -698.902
           3830         338869       -698.902
           3840         339835       -698.902
           3850         340785       -698.902
           3860         341785       -698.902
           3870         342785       -698.902
           3880         343740       -698.902
           3890         344691       -698.902
           3900         345691       -698.902
           3910         346625       -698.902
           3920         347625       -698.902
           3930         348625       -698.902
           3940         349559       -698.902
           3950         350547       -698.902
           3960         351547       -698.902
           3970         352547       -698.902
           3980         353547       -698.902
           3990         354489       -698.902
           4000         355489       -700.157
           4010         356489       -698.902
           4020         357489       -698.902
           4030         358489       -698.902
           4040         359489       -698.902
           4050         360489       -698.902
           4060         361441       -698.902
           4070         362390       -698.902
           4080         363390       -698.902
           4090         364390       -698.902
           4100         365390       -700.157
           4110         366390       -698.902
           4120         367390       -698.902
           4130         368390       -698.902
           4140         369390       -698.902
           4150         370321       -698.902
           4160         371321       -698.902
           4170         372321       -698.902
           4180         373321       -698.902
           4190         374250       -725.532
           4200         375191       -698.902
           4210         376191       -698.902
           4220         377191       -698.902
           4230         378172       -698.902
           4240         379172       -698.902
           4250         380172       -698.902
           4260         381172       -698.902
           4270         382172       -698.902
           4280         383172       -698.902
           4290         384172       -698.902
           4300         385172       -698.902
           4310         386172       -698.902
           4320         387172       -698.902
           4330         388172       -698.902
           4340         389172       -698.902
           4350         390172       -698.902
           4360         391172       -698.902
           4370         392172       -698.902
           4380         393172       -698.902
           4390         394172       -698.902
           4400         395172       -725.532
           4410         396102       -698.902
           4420         397102       -698.902
           4430         398102       -698.902
           4440         399102       -698.902
           4450         400070       -698.902
           4460         401070       -698.902
           4470         402000       -698.902
           4480         403000       -698.902
           4490         404000       -698.902
           4500         404955       -698.902
           4510         405885       -698.902
           4520         406841       -698.902
           4530         407841       -698.902
           4540         408841       -698.902
           4550         409838       -725.532
           4560         410838       -698.902
           4570         411838       -698.902
           4580         412838       -698.902
           4590         413838       -698.902
           4600         414780       -698.902
           4610         415780       -698.902
           4620         416720       -698.902
           4630         417720       -698.902
           4640         418720       -698.902
           4650         419720       -698.902
           4660         420679       -698.902
           4670         421617       -698.902
           4680         422617       -698.902
           4690         423617       -698.902
           4700         424617       -698.902
           4710         425617       -698.902
           4720         426617       -698.902
           4730         427617       -698.902
           4740         428617       -698.902
           4750         429617       -698.902
           4760         430617       -698.902
           4770         431617       -698.902
           4780         432617       -698.902
           4790         433617       -698.902
           4800         434617       -698.902
           4810         435617       -698.902
           4820         436617       -698.902
           4830         437617       -698.902
           4840         438617       -698.902
           4850         439617       -698.902
           4860         440556       -698.902
           4870         441489       -698.902
           4880         442489       -698.902
           4890         443489       -698.902
           4900         444489       -698.902
           4910         445489       -698.902
           4920         446489       -698.902
           4930         447489       -698.902
           4940         448489       -698.902
           4950         449489       -698.902
           4960         450489       -698.902
           4970         451489       -698.902
           4980         452489       -698.902
           4990         453489       -698.902
           5000         454489       -698.902
           5010         455489       -698.902
           5020         456489       -698.902
           5030         457489       -698.902
           5040         458489       -698.902
           5050         459489       -698.902
           5060         460489       -698.902
           5070         461489       -698.902
           5080         462489       -698.902
           5090         463489       -698.902
           5100         464489       -698.902
           5110         465489       -698.902
           5120         466489       -698.902
           5130         467489       -698.902
           5140         468489       -698.902
           5150         469489       -698.902
           5160         470489       -698.902
           5170         471489       -698.902
           5180         472489       -698.902
           5190         473448       -698.902
           5200         474448       -698.902
           5210         475448       -698.902
           5220         476448       -698.902
           5230         477448       -698.902
           5240         478448       -698.902
           5250         479389       -698.902
           5260         480389       -698.902
           5270         481389       -698.902
           5280         482389       -698.902
           5290         483389       -698.902
           5300         484389       -698.902
           5310         485389       -698.902
           5320         486389       -698.902
           5330         487389       -698.902
           5340         488389       -698.902
           5350         489389       -698.902
           5360         490389       -698.902
           5370         491389       -698.902
           5380         492389       -698.902
           5390         493389       -698.902
           5400         494389       -698.902
           5410         495389       -698.902
           5420         496389       -698.902
           5430         497389       -698.902
           5440         498389       -698.902
           5450         499389       -698.902
