             10            225      -1107.980
             20            470      -1369.649
             30            855      -1501.681
             40           1396      -2429.523
             50           1795      -5198.974
             60           2566      -5784.046
             70           3291      -6011.022
             80           4002      -5050.801
             90           4869      -2549.439
            100           5594      -6533.365
            110           6381      -5223.547
            120           7244      -5730.683
            130           8083      -4934.802
            140           8806      -5403.342
            150           9706      -4794.653
            160          10668      -5855.970
            170          11552      -5158.538
            180          12425      -7195.164
            190          13224      -4798.137
            200          14088      -4934.802
            210          14968      -4737.632
            220          15818      -4313.166
            230          16640      -7465.032
            240          17568      -6496.910
            250          18399      -3700.387
            260          19212      -5536.292
            270          20046      -3984.610
            280          20947      -5007.629
            290          21730      -3932.171
            300          22658      -2897.809
            310          23502      -6708.932
            320          24384      -5164.765
            330          25311      -5587.560
            340          26069      -5607.456
            350          27010      -6781.002
            360          27888      -4402.147
            370          28821      -5892.840
            380          29718      -7605.642
            390          30587      -2684.263
            400          31276      -3988.926
            410          32015      -5972.994
            420          32645      -2696.501
            430          33351      -5167.420
            440          33993      -4641.955
            450          34800      -3125.460
            460          35541      -5236.559
            470          36314      -6688.259
            480          36920      -5953.092
            490          37510      -3869.231
            500          38182      -3301.849
            510          38878       -959.186
            520          39538      -2155.813
            530          40271      -4053.332
            540          40802      -5492.659
            550          41310      -7034.707
            560          42037       -969.469
            570          42557       -646.324
            580          43122      -2159.960
            590          43844      -2175.698
            600          44397      -3830.313
            610          45070      -5844.488
            620          45632      -1617.581
            630          46322      -1863.493
            640          47045      -3715.257
            650          47689      -1005.034
            660          48446      -4225.274
            670          49269      -4934.802
            680          49851       -985.786
            690          50339       -837.165
            700          50920       -923.714
            710          51651      -3629.543
            720          52196      -1888.103
            730          52881      -1780.971
            740          53488       -869.564
            750          54072       -847.166
            760          54672      -2119.199
            770          55248       -945.302
            780          55697      -4558.068
            790          56331      -2961.169
            800          56895      -4715.542
            810          57582       -900.291
            820          58203       -800.104
            830          58823      -1984.203
            840          59422       -806.329
            850          59802      -5090.170
            860          60287      -2127.825
            870          60736      -2273.309
            880          61306      -4180.941
            890          61987      -2243.766
            900          62555      -2721.450
            910          63114      -6930.340
            920          63585      -1071.387
            930          63998       -925.514
            940          64570      -6152.413
            950          65064      -1022.511
            960          65677       -840.172
            970          66279       -906.544
            980          66758      -2112.069
            990          67237      -3389.467
           1000          67690      -5882.117
           1010          68291      -3549.925
           1020          68954      -1157.842
           1030          69489       -830.438
           1040          70154      -1019.506
           1050          70619       -607.070
           1060          71147      -1020.109
           1070          71817       -970.707
           1080          72312      -2156.794
           1090          72725      -2339.941
           1100          73258      -3691.199
           1110          73795      -3593.207
           1120          74345       -700.091
           1130          74897      -4537.389
           1140          75474      -1151.777
           1150          76194       -655.110
           1160          76904       -864.361
           1170          77337       -834.579
           1180          77927      -2835.799
           1190          78496      -1067.899
           1200          78996       -634.539
           1210          79500      -2690.282
           1220          80027      -1988.456
           1230          80873       -950.009
           1240          81547      -1023.425
           1250          82257       -823.639
           1260          82877       -766.464
           1270          83417      -2004.568
           1280          83861       -515.928
           1290          84531       -855.280
           1300          85279       -923.029
           1310          85745       -552.298
           1320          86316       -549.589
           1330          87130       -631.965
           1340          87862       -863.933
           1350          88411       -851.538
           1360          89051      -2304.045
           1370          89737       -993.105
           1380          90448      -2304.045
           1390          91095      -2304.045
           1400          91767       -671.803
           1410          92490      -2705.545
           1420          93238      -5286.342
           1430          93889       -639.036
           1440          94874      -2187.666
           1450          95664       -525.095
           1460          96319       -596.617
           1470          96869       -538.358
           1480          97654      -3130.166
           1490          98546      -3624.568
           1500          99413      -1985.397
           1510         100146       -495.949
           1520         100913       -494.512
           1530         101870       -479.388
           1540         102751      -3132.645
           1550         103638      -1894.453
           1560         104565      -5070.811
           1570         105498       -483.357
           1580         106479       -491.549
           1590         107307       -515.434
           1600         108211       -515.434
           1610         109098       -545.627
           1620         110006       -542.631
           1630         110973       -505.816
           1640         111973       -476.929
           1650         112626       -476.929
           1660         113552       -497.432
           1670         114472       -476.929
           1680         115387       -476.929
           1690         116387       -476.929
           1700         117387       -474.803
           1710         118293       -474.803
           1720         119253      -1315.435
           1730         120253      -1315.435
           1740         121253       -476.929
           1750         122178       -476.929
           1760         123163       -476.929
           1770         124118       -476.929
           1780         125088       -494.928
           1790         126088       -494.928
           1800         127021       -476.929
           1810         127964       -487.310
           1820         128895       -487.310
           1830         129829       -487.310
           1840         130748       -486.863
           1850         131675       -486.863
           1860         132675       -486.968
           1870         133675       -476.929
           1880         134462       -476.929
           1890         135446       -661.961
           1900         136404       -476.929
           1910         137303       -486.310
           1920         138293       -474.803
           1930         139293       -474.803
           1940         140293       -514.959
           1950         141293       -526.134
           1960         142213       -527.721
           1970         143213       -516.345
           1980         144161       -516.345
           1990         145161       -517.115
           2000         146161       -517.115
           2010         147133       -475.182
           2020         147911       -475.182
           2030         148827       -475.182
           2040         149714       -560.349
           2050         150647       -539.728
           2060         151573       -539.728
           2070         152420       -539.728
           2080         153271       -509.557
           2090         154257       -545.019
           2100         155244       -545.019
           2110         156244       -545.019
           2120         157244       -507.479
           2130         158202       -525.772
           2140         159090       -533.993
           2150         160022       -532.839
           2160         161022       -540.946
           2170         161952       -842.639
           2180         162874       -842.639
           2190         163874       -842.639
           2200         164874       -842.639
           2210         165874       -842.639
           2220         166874       -842.639
           2230         167874       -842.639
           2240         168799       -842.639
           2250         169703       -554.508
           2260         170632       -569.279
           2270         171538       -565.970
           2280         172500       -524.257
           2290         173500       -524.257
           2300         174422       -524.257
           2310         175422       -550.142
           2320         176418       -544.441
           2330         177418       -544.441
           2340         178418       -544.441
           2350         179403       -544.441
           2360         180403       -541.982
           2370         181403       -544.441
           2380         182340       -544.441
           2390         183067       -544.441
           2400         184067       -580.220
           2410         185067       -576.105
           2420         186067       -532.815
           2430         186935       -503.957
           2440         187935       -556.135
           2450         188935       -556.135
           2460         189864       -564.132
           2470         190864       -564.132
           2480         191864       -556.135
           2490         192864       -525.393
           2500         193864       -525.393
           2510         194864       -486.863
           2520         195864       -486.863
           2530         196864       -475.182
           2540         197864       -475.182
           2550         198803       -475.182
           2560         199770       -475.182
           2570         200695       -475.182
           2580         201695       -475.182
           2590         202695       -503.716
           2600         203695       -475.182
           2610         204695       -475.182
           2620         205695       -486.863
           2630         206691       -507.331
           2640         207611       -539.282
           2650         208611       -475.182
           2660         209611       -475.182
           2670         210611       -494.636
           2680         211611       -486.863
           2690         212531       -475.182
           2700         213531       -475.182
           2710         214531       -475.182
           2720         215510       -503.716
           2730         216510       -475.182
           2740         217510       -475.182
           2750         218510       -517.115
           2760         219435       -526.004
           2770         220435       -517.115
           2780         221435       -475.182
           2790         222435       -475.182
           2800         223435       -475.182
           2810         224435       -475.182
           2820         225435       -475.182
           2830         226435       -475.182
           2840         227370       -475.182
           2850         228317       -486.968
           2860         229317       -486.968
           2870         230317       -486.968
           2880         231317       -486.968
           2890         232317       -486.968
           2900         233244       -486.968
           2910         234244       -486.968
           2920         235244       -486.968
           2930         236244       -486.968
           2940         237244       -486.968
           2950         238244       -486.968
           2960         239244       -486.968
           2970         240244       -488.805
           2980         241244       -488.805
           2990         242244       -488.805
           3000         243244       -486.863
           3010         244244       -486.863
           3020         245244       -486.863
           3030         246167       -486.863
           3040         247128       -486.863
           3050         248128       -517.115
           3060         249128       -517.115
           3070         250128       -517.115
           3080         251128       -517.115
           3090         252128       -517.115
           3100         253128       -486.863
           3110         254128       -486.863
           3120         255128       -486.863
           3130         256128       -486.863
           3140         257128       -486.863
           3150         258128       -486.863
           3160         259128       -486.863
           3170         260128       -517.115
           3180         261128       -486.863
           3190         262128       -486.863
           3200         263128       -486.863
           3210         264128       -486.863
           3220         265128       -486.863
           3230         266128       -517.115
           3240         267128       -486.863
           3250         268128       -486.968
           3260         269077       -486.863
           3270         270077       -517.115
           3280         271029       -486.863
           3290         272029       -486.863
           3300         273029       -486.863
           3310         274029       -486.863
           3320         275029       -486.863
           3330         276029       -486.863
           3340         277029       -517.115
           3350         278029       -486.863
           3360         278950       -486.863
           3370         279950       -486.863
           3380         280950       -488.805
           3390         281879       -486.863
           3400         282879       -486.968
           3410         283879       -486.863
           3420         284799       -486.863
           3430         285799       -486.863
           3440         286799       -486.968
           3450         287799       -496.984
           3460         288799       -496.984
           3470         289799       -496.984
           3480         290799       -496.984
           3490         291799       -496.984
           3500         292799       -496.984
           3510         293799       -543.661
           3520         294799       -535.988
           3530         295799       -496.984
           3540         296799       -496.984
           3550         297799       -496.984
           3560         298799       -496.984
           3570         299799       -499.184
           3580         300799       -501.705
           3590         301799       -487.926
           3600         302799       -487.926
           3610         303799       -496.395
           3620         304799       -496.395
           3630         305799       -525.065
           3640         306799       -525.065
           3650         307733       -499.359
           3660         308733       -496.984
           3670         309733       -496.984
           3680         310733       -486.968
           3690         311733       -486.968
           3700         312733       -486.968
           3710         313733       -486.968
           3720         314733       -486.968
           3730         315733       -504.403
           3740         316733       -486.863
           3750         317733       -486.863
           3760         318733       -486.863
           3770         319733       -486.863
           3780         320733       -486.863
           3790         321733       -486.863
           3800         322733       -504.403
           3810         323733       -486.863
           3820         324733       -486.863
           3830         325733       -486.863
           3840         326733       -486.863
           3850         327664       -486.863
           3860         328664       -486.863
           3870         329664       -486.863
           3880         330664       -486.863
           3890         331664       -486.863
           3900         332664       -486.863
           3910         333664       -486.863
           3920         334664       -475.182
           3930         335664       -475.182
           3940         336664       -550.528
           3950         337664       -486.863
           3960         338664       -486.863
           3970         339664       -486.863
           3980         340664       -486.863
           3990         341664       -486.863
           4000         342664       -486.863
           4010         343664       -486.863
           4020         344664       -486.863
           4030         345664       -487.310
           4040         346664       -487.310
           4050         347664       -476.929
           4060         348664       -476.929
           4070         349664       -476.929
           4080         350664       -476.929
           4090         351664       -476.929
           4100         352664       -476.929
           4110         353664       -476.929
           4120         354664       -476.929
           4130         355664       -476.929
           4140         356664       -476.929
           4150         357664       -476.929
           4160         358664       -476.929
           4170         359664       -476.929
           4180         360664       -476.929
           4190         361664       -474.803
           4200         362664       -474.803
           4210         363664       -531.641
           4220         364664       -506.340
           4230         365640       -474.803
           4240         366640       -474.803
           4250         367640       -474.803
           4260         368640       -474.803
           4270         369640       -474.803
           4280         370640       -518.340
           4290         371640       -474.803
           4300         372596       -474.803
           4310         373596       -474.803
           4320         374596       -474.803
           4330         375596       -474.803
           4340         376596       -474.803
           4350         377596       -474.803
           4360         378596       -474.803
           4370         379596       -474.803
           4380         380596       -496.771
           4390         381596       -474.803
           4400         382596       -474.803
           4410         383596       -494.928
           4420         384596       -494.928
           4430         385596       -494.928
           4440         386596       -496.395
           4450         387596       -496.395
           4460         388596       -496.395
           4470         389596       -496.395
           4480         390596       -496.395
           4490         391596       -496.395
           4500         392596       -496.395
           4510         393596       -496.395
           4520         394596       -525.065
           4530         395596       -496.395
           4540         396596       -576.530
           4550         397596       -496.395
           4560         398596       -496.395
           4570         399596       -496.395
           4580         400596       -496.395
           4590         401596       -496.395
           4600         402596       -496.395
           4610         403596       -496.395
           4620         404596       -496.395
           4630         405596       -496.395
           4640         406596       -496.395
           4650         407596       -496.395
           4660         408596       -496.395
           4670         409596       -496.395
           4680         410596       -496.395
           4690         411596       -496.395
           4700         412596       -496.395
           4710         413596       -496.395
           4720         414596       -496.395
           4730         415596       -496.395
           4740         416596       -496.395
           4750         417596       -496.395
           4760         418596       -496.395
           4770         419596       -496.395
           4780         420596       -496.395
           4790         421596       -496.395
           4800         422596       -496.395
           4810         423596       -496.395
           4820         424596       -496.395
           4830         425596       -496.395
           4840         426596       -496.395
           4850         427596       -496.395
           4860         428596       -496.395
           4870         429596       -496.395
           4880         430596       -496.395
           4890         431596       -496.395
           4900         432596       -496.395
           4910         433596       -496.395
           4920         434596       -496.395
           4930         435596       -496.395
           4940         436596       -496.395
           4950         437596       -496.395
           4960         438596       -496.395
           4970         439596       -496.395
           4980         440596       -496.395
           4990         441596       -487.926
           5000         442596       -487.926
           5010         443596       -496.395
           5020         444596       -496.395
           5030         445596       -496.395
           5040         446596       -496.395
           5050         447596       -496.395
           5060         448596       -496.395
           5070         449596       -496.395
           5080         450596       -496.395
           5090         451596       -474.803
           5100         452596       -548.224
           5110         453596       -474.803
           5120         454596       -474.803
           5130         455596       -474.803
           5140         456596       -474.803
           5150         457596       -474.803
           5160         458596       -474.803
           5170         459596       -496.771
           5180         460596       -496.771
           5190         461596       -474.803
           5200         462596       -474.803
           5210         463596       -474.803
           5220         464596       -474.803
           5230         465596       -518.340
           5240         466596       -516.101
           5250         467596       -474.803
           5260         468596       -474.803
           5270         469596       -474.803
           5280         470596       -474.803
           5290         471596       -533.995
           5300         472596       -533.995
           5310         473596       -518.340
           5320         474596       -496.771
           5330         475596       -496.771
           5340         476596       -496.771
           5350         477596       -496.771
           5360         478596       -496.771
           5370         479596       -496.771
           5380         480596       -496.771
           5390         481596       -496.771
           5400         482596       -496.771
           5410         483596       -496.771
           5420         484596       -496.771
           5430         485596       -496.771
           5440         486596       -496.771
           5450         487596       -496.771
           5460         488596       -496.771
           5470         489596       -496.771
           5480         490596       -496.771
           5490         491596       -496.771
           5500         492596       -496.771
           5510         493596       -496.771
           5520         494596       -496.771
           5530         495596       -496.771
           5540         496596       -496.771
           5550         497596       -496.771
           5560         498596       -496.771
           5570         499596       -496.771
