             10            904      -1700.956
             20           1799      -3991.979
             30           2655      -6258.809
             40           3516      -2076.974
             50           4340      -6374.733
             60           5336      -5916.967
             70           6286      -5606.073
             80           7225      -5339.985
             90           8196      -5561.112
            100           9113      -5556.216
            110          10012      -4755.979
            120          11012      -6230.979
            130          12007      -6232.744
            140          12950      -3978.026
            150          13929      -5997.580
            160          14862      -3481.022
            170          15841      -5179.373
            180          16765      -6509.971
            190          17723      -6273.463
            200          18723      -5508.670
            210          19665      -6437.893
            220          20665      -6043.258
            230          21589      -6092.252
            240          22546      -6606.015
            250          23491      -6874.279
            260          24416      -6456.787
            270          25416      -6815.605
            280          26416      -5708.511
            290          27398      -6647.065
            300          28356      -5954.588
            310          29356      -6121.685
            320          30352      -5966.733
            330          31319      -6290.397
            340          32319      -6039.278
            350          33262      -7015.759
            360          34113      -6986.932
            370          35105      -6178.539
            380          36065      -6830.199
            390          37065      -6725.309
            400          38033      -6635.029
            410          38924      -6760.893
            420          39924      -5357.599
            430          40880      -7333.767
            440          41864      -5303.282
            450          42864      -7026.809
            460          43842      -6140.828
            470          44776      -5168.886
            480          45697      -5724.412
            490          46697      -6317.437
            500          47697      -5995.478
            510          48680      -6609.268
            520          49680      -4654.551
            530          50680      -6197.147
            540          51680      -7350.994
            550          52680      -6259.264
            560          53680      -6123.874
            570          54606      -7141.374
            580          55606      -5757.881
            590          56606      -5158.523
            600          57509      -6697.757
            610          58485      -6803.140
            620          59476      -7738.867
            630          60476      -5470.554
            640          61442      -6115.255
            650          62431      -4976.456
            660          63431      -7130.839
            670          64342      -5729.040
            680          65329      -6468.858
            690          66329      -5714.045
            700          67268      -4890.601
            710          68201      -4704.001
            720          69201      -6431.810
            730          70138      -8407.297
            740          71106      -5934.444
            750          72106      -6521.175
            760          73106      -7561.042
            770          74105      -5785.805
            780          75084      -5546.133
            790          76056      -5461.307
            800          77056      -5342.910
            810          78023      -5692.310
            820          79023      -7023.364
            830          80023      -7495.463
            840          80972      -7340.922
            850          81895      -6632.004
            860          82852      -5539.633
            870          83831      -5358.773
            880          84812      -5598.980
            890          85775      -4956.337
            900          86751      -5033.415
            910          87751      -5741.258
            920          88671      -5397.095
            930          89618      -6244.736
            940          90541      -6452.271
            950          91468      -6367.676
            960          92459      -6885.992
            970          93459      -6823.251
            980          94430      -6767.452
            990          95252      -5781.078
           1000          96252      -5880.892
           1010          97131      -6765.501
           1020          98112      -7165.756
           1030          99002      -6361.831
           1040          99923      -2134.339
           1050         100753      -6204.986
           1060         101669      -7070.898
           1070         102630      -4803.853
           1080         103385      -2311.628
           1090         104384      -6134.020
           1100         105310      -6607.088
           1110         106280      -6652.956
           1120         107198      -5411.152
           1130         108104      -7165.868
           1140         109071      -5226.617
           1150         110003      -5991.328
           1160         110874      -5243.601
           1170         111800      -2051.274
           1180         112625      -3733.611
           1190         113498      -4956.834
           1200         114368      -3232.256
           1210         115256      -5698.597
           1220         116127      -5828.063
           1230         117093      -5504.717
           1240         118019      -5787.092
           1250         118882      -2332.422
           1260         119748      -5463.287
           1270         120590      -5685.233
           1280         121507      -3668.092
           1290         122426      -2776.870
           1300         123125      -2399.930
           1310         123866      -5227.544
           1320         124755      -2361.399
           1330         125626      -2843.808
           1340         126266      -2417.444
           1350         127058      -2639.265
           1360         127689      -2334.710
           1370         128534      -4944.651
           1380         129361      -4661.892
           1390         129962      -5280.743
           1400         130850      -4680.618
           1410         131688      -1874.244
           1420         132563      -3858.629
           1430         133361      -5661.201
           1440         134286      -4828.396
           1450         135100      -6419.382
           1460         136061      -5335.531
           1470         136887      -5950.869
           1480         137671      -4700.405
           1490         138601      -2487.948
           1500         139356      -3721.566
           1510         140199      -6325.808
           1520         140976     -10306.974
           1530         141810      -1971.830
           1540         142697      -3965.185
           1550         143429      -4406.239
           1560         144169      -2519.956
           1570         145004      -2653.348
           1580         145772      -2107.140
           1590         146644      -2277.707
           1600         147322      -3483.671
           1610         148025      -2138.034
           1620         148699      -2758.523
           1630         149396      -2646.998
           1640         150138      -5092.730
           1650         151012      -3738.320
           1660         151749      -2315.480
           1670         152439      -5122.107
           1680         153253      -2650.023
           1690         154047      -2891.753
           1700         154806      -4965.760
           1710         155594      -1968.916
           1720         156380      -3677.305
           1730         157148      -2455.587
           1740         157997      -5754.047
           1750         158814      -1986.375
           1760         159571      -1644.980
           1770         160388      -3176.753
           1780         161217      -6215.277
           1790         162055      -5940.212
           1800         162848      -5628.328
           1810         163578      -2522.514
           1820         164349      -2626.172
           1830         165207      -2051.201
           1840         165968      -2577.405
           1850         166733      -2432.289
           1860         167521      -1907.363
           1870         168273      -2125.079
           1880         169117      -4530.561
           1890         169923      -5062.498
           1900         170734      -1794.481
           1910         171574      -7429.870
           1920         172273      -2218.458
           1930         173010      -3816.131
           1940         173755      -2394.840
           1950         174575      -2317.192
           1960         175336      -2090.251
           1970         176207      -5092.597
           1980         176946      -1570.871
           1990         177866      -2554.730
           2000         178743      -1509.971
           2010         179642      -1550.740
           2020         180478      -2320.296
           2030         181450      -1565.544
           2040         182312      -2173.469
           2050         183218      -2352.210
           2060         184019      -2262.525
           2070         184901      -4896.655
           2080         185789      -1763.341
           2090         186532      -1904.581
           2100         187300      -1800.237
           2110         188224      -2010.320
           2120         189103      -2376.231
           2130         189948      -1076.452
           2140         190909      -1415.365
           2150         191787      -1145.859
           2160         192561      -1315.336
           2170         193400      -1393.479
           2180         194099      -1375.233
           2190         194772      -1028.595
           2200         195515      -1306.694
           2210         196246      -1432.689
           2220         197057      -1457.953
           2230         197866      -1167.540
           2240         198796      -1102.182
           2250         199668      -1059.631
           2260         200507      -1111.921
           2270         201213      -1028.595
           2280         202032      -1028.595
           2290         202904      -1028.595
           2300         203742      -1028.595
           2310         204596      -1028.595
           2320         205464      -1028.595
           2330         206343      -1084.506
           2340         207223      -1138.098
           2350         208142      -1066.099
           2360         209042      -1037.689
           2370         209979      -1037.689
           2380         210979      -1037.689
           2390         211968      -1037.689
           2400         212968      -1037.689
           2410         213938      -1037.689
           2420         214892      -1037.689
           2430         215892      -1084.506
           2440         216856      -1028.595
           2450         217612      -1038.273
           2460         218567      -1038.273
           2470         219495      -1038.273
           2480         220323      -1038.273
           2490         221256      -1038.273
           2500         222256      -1038.273
           2510         223148      -1038.273
           2520         224119      -1038.273
           2530         225051      -1038.273
           2540         226051      -1038.273
           2550         227051      -1038.273
           2560         228051      -1038.273
           2570         229051      -1038.273
           2580         230051      -1083.665
           2590         231051      -1038.273
           2600         232051      -1065.575
           2610         233051      -1068.154
           2620         233960      -1038.273
           2630         234799      -1038.273
           2640         235799      -1038.273
           2650         236799      -1075.995
           2660         237778      -1038.273
           2670         238778      -1067.891
           2680         239778      -1037.689
           2690         240778      -1028.595
           2700         241778      -1028.595
           2710         242733      -1028.595
           2720         243733      -1028.595
           2730         244722      -1028.595
           2740         245657      -1028.595
           2750         246597      -1084.506
           2760         247579      -1037.689
           2770         248579      -1037.689
           2780         249579      -1037.689
           2790         250579      -1037.689
           2800         251579      -1037.689
           2810         252579      -1037.689
           2820         253525      -1037.689
           2830         254525      -1037.689
           2840         255525      -1037.689
           2850         256517      -1037.689
           2860         257517      -1084.506
           2870         258470      -1084.506
           2880         259446      -1097.258
           2890         260394      -1048.260
           2900         261315      -1048.260
           2910         262271      -1048.260
           2920         263205      -1048.260
           2930         264129      -1048.260
           2940         265044      -1048.260
           2950         266002      -1048.260
           2960         266882      -1038.273
           2970         267882      -1038.273
           2980         268882      -1038.273
           2990         269820      -1038.273
           3000         270820      -1038.273
           3010         271691      -1038.273
           3020         272691      -1038.273
           3030         273691      -1038.273
           3040         274691      -1038.273
           3050         275691      -1038.273
           3060         276691      -1078.399
           3070         277691      -1038.273
           3080         278601      -1038.273
           3090         279558      -1038.273
           3100         280558      -1094.748
           3110         281558      -1077.720
           3120         282558      -1067.891
           3130         283480      -1036.798
           3140         284480      -1037.689
           3150         285434      -1037.689
           3160         286434      -1037.689
           3170         287434      -1037.689
           3180         288434      -1037.689
           3190         289434      -1037.689
           3200         290434      -1037.689
           3210         291367      -1037.689
           3220         292367      -1037.689
           3230         293367      -1037.689
           3240         294320      -1084.506
           3250         295320      -1084.506
           3260         296320      -1084.506
           3270         297273      -1028.595
           3280         298208      -1028.595
           3290         299208      -1028.595
           3300         300175      -1028.595
           3310         301112      -1028.595
           3320         302112      -1028.595
           3330         303112      -1028.595
           3340         304112      -1028.595
           3350         305045      -1028.595
           3360         306045      -1028.595
           3370         307045      -1028.595
           3380         307990      -1028.595
           3390         308990      -1028.595
           3400         309990      -1084.506
           3410         310879      -1028.595
           3420         311759      -1028.595
           3430         312759      -1059.392
           3440         313759      -1028.595
           3450         314738      -1057.510
           3460         315630      -1028.595
           3470         316591      -1028.595
           3480         317591      -1084.506
           3490         318524      -1028.595
           3500         319524      -1077.762
           3510         320391      -1028.595
           3520         321376      -1028.595
           3530         322308      -1028.595
           3540         323308      -1028.595
           3550         324242      -1028.595
           3560         325242      -1028.595
           3570         326242      -1028.595
           3580         327236      -1028.595
           3590         328236      -1028.595
           3600         329236      -1028.595
           3610         330236      -1028.595
           3620         331236      -1028.595
           3630         332236      -1028.595
           3640         333236      -1028.595
           3650         334236      -1028.595
           3660         335236      -1028.595
           3670         336208      -1028.595
           3680         337197      -1028.595
           3690         338197      -1084.506
           3700         339136      -1067.891
           3710         340069      -1037.689
           3720         341000      -1037.689
           3730         341954      -1037.689
           3740         342954      -1037.689
           3750         343954      -1037.689
           3760         344954      -1037.689
           3770         345954      -1037.689
           3780         346954      -1037.689
           3790         347954      -1037.689
           3800         348954      -1037.689
           3810         349918      -1037.689
           3820         350853      -1037.689
           3830         351853      -1037.689
           3840         352819      -1037.689
           3850         353819      -1037.689
           3860         354819      -1037.689
           3870         355819      -1037.689
           3880         356785      -1036.997
           3890         357633      -1087.069
           3900         358633      -1073.394
           3910         359587      -1037.689
           3920         360587      -1037.689
           3930         361587      -1037.689
           3940         362587      -1037.689
           3950         363587      -1037.689
           3960         364545      -1037.689
           3970         365545      -1037.689
           3980         366545      -1037.689
           3990         367545      -1037.689
           4000         368545      -1037.689
           4010         369545      -1037.689
           4020         370545      -1037.689
           4030         371545      -1037.689
           4040         372479      -1037.689
           4050         373479      -1037.689
           4060         374479      -1037.689
           4070         375479      -1037.689
           4080         376479      -1037.689
           4090         377479      -1037.689
           4100         378479      -1037.689
           4110         379479      -1037.689
           4120         380479      -1073.921
           4130         381479      -1067.891
           4140         382479      -1037.689
           4150         383432      -1037.689
           4160         384432      -1037.689
           4170         385432      -1037.689
           4180         386362      -1037.689
           4190         387362      -1037.689
           4200         388362      -1037.689
           4210         389362      -1037.689
           4220         390296      -1037.689
           4230         391296      -1037.689
           4240         392296      -1037.689
           4250         393251      -1037.689
           4260         394251      -1037.689
           4270         395251      -1037.689
           4280         396190      -1037.689
           4290         397190      -1037.689
           4300         398190      -1037.689
           4310         399190      -1037.689
           4320         400190      -1037.689
           4330         401190      -1037.689
           4340         402190      -1037.689
           4350         403190      -1037.689
           4360         404190      -1037.689
           4370         405190      -1037.689
           4380         406190      -1037.689
           4390         407190      -1037.689
           4400         408190      -1037.689
           4410         409190      -1037.689
           4420         410121      -1037.689
           4430         411121      -1037.689
           4440         412121      -1037.689
           4450         413121      -1037.689
           4460         414121      -1073.921
           4470         415121      -1037.689
           4480         416121      -1037.689
           4490         417060      -1037.689
           4500         418060      -1037.689
           4510         419060      -1037.689
           4520         420060      -1037.689
           4530         421060      -1037.689
           4540         422060      -1037.689
           4550         423060      -1037.689
           4560         424060      -1037.689
           4570         425060      -1037.689
           4580         426060      -1036.997
           4590         427060      -1036.997
           4600         428060      -1037.689
           4610         428992      -1037.689
           4620         429992      -1037.689
           4630         430992      -1067.891
           4640         431992      -1067.891
           4650         432992      -1073.394
           4660         433992      -1037.689
           4670         434992      -1037.689
           4680         435992      -1037.689
           4690         436992      -1037.689
           4700         437992      -1037.689
           4710         438992      -1037.689
           4720         439992      -1037.689
           4730         440992      -1037.689
           4740         441992      -1037.689
           4750         442992      -1037.689
           4760         443992      -1037.689
           4770         444992      -1037.689
           4780         445992      -1037.689
           4790         446992      -1037.689
           4800         447992      -1037.689
           4810         448992      -1037.689
           4820         449992      -1037.689
           4830         450992      -1037.689
           4840         451992      -1037.689
           4850         452992      -1037.689
           4860         453922      -1037.689
           4870         454922      -1037.689
           4880         455922      -1037.689
           4890         456922      -1037.689
           4900         457922      -1037.689
           4910         458922      -1037.689
           4920         459922      -1037.689
           4930         460922      -1037.689
           4940         461922      -1037.689
           4950         462876      -1037.689
           4960         463876      -1037.689
           4970         464876      -1037.689
           4980         465876      -1037.689
           4990         466876      -1037.689
           5000         467876      -1073.394
           5010         468876      -1037.689
           5020         469876      -1037.689
           5030         470876      -1037.689
           5040         471876      -1037.689
           5050         472876      -1037.689
           5060         473876      -1037.689
           5070         474876      -1037.689
           5080         475876      -1037.689
           5090         476876      -1037.689
           5100         477876      -1037.689
           5110         478876      -1037.689
           5120         479876      -1037.689
           5130         480876      -1037.689
           5140         481876      -1037.689
           5150         482876      -1037.689
           5160         483876      -1037.689
           5170         484876      -1037.689
           5180         485876      -1037.689
           5190         486876      -1037.689
           5200         487876      -1037.689
           5210         488876      -1037.689
           5220         489876      -1037.689
           5230         490876      -1037.689
           5240         491876      -1037.689
           5250         492876      -1037.689
           5260         493876      -1037.689
           5270         494876      -1037.689
           5280         495876      -1037.689
           5290         496876      -1037.689
           5300         497876      -1037.689
           5310         498876      -1037.689
           5320         499876      -1037.689
