             10            228      -1051.069
             20            525      -1122.658
             30           1070      -4745.665
             40           1635      -2192.580
             50           2259      -1993.875
             60           2968      -6172.461
             70           3669      -2379.893
             80           4438      -1583.668
             90           5091      -2813.717
            100           6001      -5950.156
            110           6881      -2554.994
            120           7722      -2735.956
            130           8374      -6112.743
            140           9162      -6278.201
            150          10062      -5598.262
            160          11035      -6017.008
            170          11990      -3005.154
            180          12824      -4311.328
            190          13789      -3374.146
            200          14623      -6055.610
            210          15509      -7196.289
            220          16376      -6909.741
            230          17205      -2468.550
            240          18024      -3825.532
            250          18993      -4454.766
            260          19877      -7883.262
            270          20797      -4093.145
            280          21702      -6600.126
            290          22702      -5720.700
            300          23618      -8449.810
            310          24618      -6920.817
            320          25460      -7152.385
            330          26416      -3460.889
            340          27273      -6080.719
            350          28110      -7898.609
            360          29023      -6335.787
            370          29846      -5527.239
            380          30724      -6134.507
            390          31590      -6758.290
            400          32361      -6735.732
            410          33218      -5611.004
            420          34110      -5403.150
            430          34911      -2345.051
            440          35576       -833.146
            450          36162      -6962.603
            460          36849      -3705.809
            470          37711      -6155.188
            480          38641      -2434.469
            490          39323      -2807.753
            500          40007      -6710.795
            510          40596      -6830.268
            520          41342      -3279.587
            530          42009      -5172.622
            540          42537      -2247.959
            550          43244      -2345.556
            560          43786      -5190.412
            570          44604       -804.609
            580          45147       -956.569
            590          45822       -878.383
            600          46448      -2022.793
            610          47243       -993.125
            620          47815      -2092.021
            630          48562       -867.277
            640          49228      -5336.695
            650          49834      -5361.039
            660          50441      -4290.857
            670          50958      -6212.738
            680          51622      -4820.843
            690          52267       -840.118
            700          52827      -8018.826
            710          53476      -4186.520
            720          54091      -2182.236
            730          54660      -4120.898
            740          55177       -847.450
            750          55690      -6026.916
            760          56461      -5519.275
            770          57050       -834.057
            780          57596      -3249.553
            790          58089      -5071.104
            800          58737       -779.299
            810          59466       -825.337
            820          59945       -850.381
            830          60437       -932.548
            840          61041      -2029.441
            850          61719      -2029.306
            860          62172      -2278.762
            870          62741      -2559.756
            880          63170       -875.139
            890          63833       -847.381
            900          64204      -2103.226
            910          64682      -2610.429
            920          65280      -3531.702
            930          65882      -1972.362
            940          66389      -2217.366
            950          66937      -2404.922
            960          67542      -1043.106
            970          68048       -862.160
            980          68623      -3933.171
            990          69075       -776.773
           1000          69697      -4088.814
           1010          70246       -868.002
           1020          70843      -2282.987
           1030          71399      -3313.643
           1040          72011      -2124.430
           1050          72525       -871.449
           1060          73133      -3348.788
           1070          73748       -970.432
           1080          74191       -798.296
           1090          74748       -815.383
           1100          75393       -888.337
           1110          76136      -3430.688
           1120          76796      -2308.484
           1130          77551      -4288.838
           1140          78069       -848.363
           1150          78565       -848.679
           1160          78982       -791.849
           1170          79457      -2698.012
           1180          79978       -928.536
           1190          80452      -2301.703
           1200          80892       -841.014
           1210          81324      -2928.957
           1220          81993      -5532.770
           1230          82523       -893.934
           1240          82920       -934.168
           1250          83455       -978.865
           1260          84045      -3139.469
           1270          84562       -890.415
           1280          85222      -1893.255
           1290          85759      -2880.894
           1300          86308      -5162.859
           1310          87052      -3249.285
           1320          87819      -2162.907
           1330          88418       -965.244
           1340          89059       -986.010
           1350          89804      -1093.352
           1360          90507       -583.417
           1370          91225      -5654.241
           1380          91778      -3860.794
           1390          92405      -4514.461
           1400          93096       -543.584
           1410          93804       -528.741
           1420          94648       -605.180
           1430          95206       -840.989
           1440          95983       -714.488
           1450          96616       -836.806
           1460          97326       -826.166
           1470          98000      -2408.157
           1480          98775      -2408.157
           1490          99429       -870.514
           1500         100153       -856.696
           1510         100897       -493.712
           1520         101518      -1959.888
           1530         102230       -541.390
           1540         103086       -528.161
           1550         103753       -552.289
           1560         104634       -841.449
           1570         105288       -836.070
           1580         105914       -922.988
           1590         106670       -511.053
           1600         107670       -511.053
           1610         108482       -730.611
           1620         109477       -592.983
           1630         110418      -1014.614
           1640         111411       -595.679
           1650         112333       -537.231
           1660         113303       -854.885
           1670         114119       -610.095
           1680         115119       -529.086
           1690         115961       -578.395
           1700         116878       -637.836
           1710         117755       -537.719
           1720         118738       -547.094
           1730         119644       -548.756
           1740         120635       -889.742
           1750         121521       -889.742
           1760         122448       -514.050
           1770         123448       -514.050
           1780         124371       -565.366
           1790         125347       -522.343
           1800         126210       -565.366
           1810         127210       -522.343
           1820         128136       -557.103
           1830         129048       -552.701
           1840         129974       -552.701
           1850         130946       -544.387
           1860         131713       -565.698
           1870         132638       -537.977
           1880         133590       -537.977
           1890         134477       -550.894
           1900         135477       -512.411
           1910         136477       -512.411
           1920         137477       -512.411
           1930         138477       -512.411
           1940         139477       -511.295
           1950         140477       -511.295
           1960         141477       -519.163
           1970         142443       -626.984
           1980         143368       -544.658
           1990         144359       -552.867
           2000         145244       -493.623
           2010         146137       -495.277
           2020         147063       -495.277
           2030         147976       -521.333
           2040         148976       -512.063
           2050         149856       -514.053
           2060         150785       -539.948
           2070         151785       -523.704
           2080         152734       -515.131
           2090         153734       -515.131
           2100         154700       -503.650
           2110         155624       -512.411
           2120         156564       -530.912
           2130         157498       -512.411
           2140         158487       -512.411
           2150         159437       -500.927
           2160         160386       -512.731
           2170         161345       -492.156
           2180         162308       -492.156
           2190         163308       -491.484
           2200         164289       -491.848
           2210         165289       -491.848
           2220         166289       -491.848
           2230         167289       -491.848
           2240         168210       -491.848
           2250         169210       -491.848
           2260         170210       -491.848
           2270         171210       -513.182
           2280         172105       -491.848
           2290         173105       -491.484
           2300         173926       -482.315
           2310         174926       -482.315
           2320         175926       -491.848
           2330         176801       -491.848
           2340         177801       -491.848
           2350         178751       -482.315
           2360         179751       -482.315
           2370         180751       -492.434
           2380         181748       -492.434
           2390         182683       -492.434
           2400         183683       -491.848
           2410         184632       -567.205
           2420         185623       -513.182
           2430         186521       -513.182
           2440         187442       -513.182
           2450         188404       -522.585
           2460         189370       -493.895
           2470         190232       -509.277
           2480         191131       -545.612
           2490         192131       -495.942
           2500         193131       -495.942
           2510         194100       -509.277
           2520         195100       -495.942
           2530         196030       -495.942
           2540         197011       -538.779
           2550         197994       -525.598
           2560         198941       -482.315
           2570         199916       -482.315
           2580         200916       -482.315
           2590         201916       -491.848
           2600         202830       -509.277
           2610         203805       -491.848
           2620         204791       -482.315
           2630         205791       -482.315
           2640         206791       -493.712
           2650         207760       -504.020
           2660         208760       -493.712
           2670         209690       -493.712
           2680         210633       -493.712
           2690         211633       -493.712
           2700         212555       -493.712
           2710         213509       -493.712
           2720         214455       -493.712
           2730         215455       -493.712
           2740         216455       -493.712
           2750         217455       -493.712
           2760         218455       -493.712
           2770         219455       -493.712
           2780         220455       -493.712
           2790         221455       -493.712
           2800         222455       -493.712
           2810         223455       -493.712
           2820         224455       -493.712
           2830         225455       -491.336
           2840         226423       -521.102
           2850         227357       -521.102
           2860         228357       -521.102
           2870         229357       -493.712
           2880         230357       -521.102
           2890         231304       -521.102
           2900         232304       -521.102
           2910         233304       -521.102
           2920         234229       -493.712
           2930         235229       -493.712
           2940         236229       -493.712
           2950         237154       -521.102
           2960         238154       -521.102
           2970         239154       -521.102
           2980         240154       -521.102
           2990         241154       -521.102
           3000         242140       -521.102
           3010         243140       -521.102
           3020         244124       -520.811
           3030         245124       -502.170
           3040         246044       -523.711
           3050         247044       -493.712
           3060         248013       -482.315
           3070         248980       -510.850
           3080         249980       -521.102
           3090         250922       -521.102
           3100         251922       -521.102
           3110         252922       -521.102
           3120         253922       -521.102
           3130         254880       -556.894
           3140         255802       -521.102
           3150         256802       -521.102
           3160         257802       -521.102
           3170         258802       -521.102
           3180         259802       -521.102
           3190         260802       -521.102
           3200         261802       -521.102
           3210         262802       -521.102
           3220         263719       -521.102
           3230         264719       -556.894
           3240         265719       -521.102
           3250         266719       -556.894
           3260         267719       -523.588
           3270         268719       -523.711
           3280         269719       -523.711
           3290         270719       -502.170
           3300         271651       -491.273
           3310         272651       -521.102
           3320         273651       -521.102
           3330         274651       -521.102
           3340         275611       -521.102
           3350         276611       -521.102
           3360         277611       -521.102
           3370         278611       -521.102
           3380         279611       -521.102
           3390         280611       -521.102
           3400         281611       -523.588
           3410         282611       -523.711
           3420         283606       -531.560
           3430         284606       -543.499
           3440         285606       -505.111
           3450         286606       -501.700
           3460         287606       -543.499
           3470         288606       -502.170
           3480         289606       -502.170
           3490         290606       -502.170
           3500         291606       -502.170
           3510         292606       -502.170
           3520         293606       -502.170
           3530         294606       -502.170
           3540         295575       -502.170
           3550         296575       -502.170
           3560         297575       -502.170
           3570         298575       -502.170
           3580         299575       -502.170
           3590         300575       -502.170
           3600         301575       -502.170
           3610         302575       -502.170
           3620         303575       -502.170
           3630         304575       -502.170
           3640         305535       -502.170
           3650         306535       -493.712
           3660         307527       -503.399
           3670         308527       -503.399
           3680         309527       -503.399
           3690         310527       -538.941
           3700         311527       -538.941
           3710         312527       -502.170
           3720         313527       -516.056
           3730         314527       -502.170
           3740         315527       -502.170
           3750         316467       -547.071
           3760         317467       -502.170
           3770         318467       -502.170
           3780         319467       -502.170
           3790         320467       -502.170
           3800         321467       -502.170
           3810         322467       -502.170
           3820         323409       -502.170
           3830         324409       -502.170
           3840         325409       -502.170
           3850         326409       -502.170
           3860         327409       -502.170
           3870         328332       -502.170
           3880         329329       -502.170
           3890         330329       -502.170
           3900         331280       -502.170
           3910         332280       -502.170
           3920         333280       -502.170
           3930         334280       -502.170
           3940         335280       -502.170
           3950         336280       -502.170
           3960         337280       -502.170
           3970         338270       -529.553
           3980         339270       -554.568
           3990         340270       -523.711
           4000         341270       -523.711
           4010         342270       -502.170
           4020         343270       -502.170
           4030         344270       -502.170
           4040         345270       -502.170
           4050         346270       -502.170
           4060         347270       -502.170
           4070         348270       -502.170
           4080         349270       -502.170
           4090         350270       -502.170
           4100         351270       -502.170
           4110         352270       -502.170
           4120         353270       -529.553
           4130         354270       -502.170
           4140         355270       -502.170
           4150         356270       -502.170
           4160         357270       -502.170
           4170         358270       -538.941
           4180         359270       -502.170
           4190         360270       -502.170
           4200         361270       -491.273
           4210         362270       -500.108
           4220         363270       -502.170
           4230         364270       -502.170
           4240         365270       -502.170
           4250         366270       -502.170
           4260         367270       -502.170
           4270         368270       -502.170
           4280         369270       -502.170
           4290         370270       -502.170
           4300         371270       -502.170
           4310         372270       -502.170
           4320         373270       -502.170
           4330         374270       -502.170
           4340         375270       -502.170
           4350         376270       -502.170
           4360         377270       -502.170
           4370         378270       -502.170
           4380         379270       -502.170
           4390         380270       -502.170
           4400         381270       -502.170
           4410         382270       -502.170
           4420         383270       -502.170
           4430         384212       -491.336
           4440         385212       -491.336
           4450         386212       -491.336
           4460         387212       -502.170
           4470         388212       -502.170
           4480         389212       -502.170
           4490         390212       -502.170
           4500         391212       -502.170
           4510         392139       -502.170
           4520         393139       -502.170
           4530         394139       -502.170
           4540         395139       -502.170
           4550         396139       -502.170
           4560         397139       -502.170
           4570         398139       -502.170
           4580         399139       -502.170
           4590         400139       -502.170
           4600         401139       -502.170
           4610         402139       -502.170
           4620         403139       -502.170
           4630         404139       -502.170
           4640         405139       -502.170
           4650         406139       -502.170
           4660         407139       -502.170
           4670         408139       -502.170
           4680         409139       -502.170
           4690         410139       -502.170
           4700         411139       -502.170
           4710         412139       -502.170
           4720         413139       -502.170
           4730         414139       -523.711
           4740         415139       -502.170
           4750         416139       -502.170
           4760         417139       -523.711
           4770         418139       -523.711
           4780         419139       -523.711
           4790         420139       -523.711
           4800         421139       -523.711
           4810         422139       -523.711
           4820         423139       -523.711
           4830         424139       -526.502
           4840         425139       -502.170
           4850         426139       -502.170
           4860         427139       -529.553
           4870         428139       -493.712
           4880         429139       -493.712
           4890         430139       -493.712
           4900         431139       -493.712
           4910         432139       -493.712
           4920         433139       -493.712
           4930         434139       -493.712
           4940         435139       -493.712
           4950         436139       -493.712
           4960         437139       -493.712
           4970         438139       -503.399
           4980         439139       -503.399
           4990         440139       -493.712
           5000         441139       -493.712
           5010         442139       -493.712
           5020         443139       -493.712
           5030         444139       -493.712
           5040         445139       -493.712
           5050         446139       -493.712
           5060         447139       -493.712
           5070         448139       -493.712
           5080         449139       -493.712
           5090         450139       -493.712
           5100         451139       -493.712
           5110         452139       -493.712
           5120         453139       -493.712
           5130         454139       -493.712
           5140         455139       -493.712
           5150         456139       -493.712
           5160         457139       -493.712
           5170         458139       -493.712
           5180         459139       -493.712
           5190         460139       -493.712
           5200         461139       -493.712
           5210         462139       -493.712
           5220         463139       -493.712
           5230         464139       -493.712
           5240         465139       -493.712
           5250         466139       -493.712
           5260         467139       -502.170
           5270         468139       -502.170
           5280         469139       -502.170
           5290         470139       -502.170
           5300         471139       -502.170
           5310         472139       -502.170
           5320         473139       -502.170
           5330         474139       -502.170
           5340         475139       -502.170
           5350         476139       -502.170
           5360         477139       -502.170
           5370         478139       -502.170
           5380         479139       -502.170
           5390         480139       -502.170
           5400         481139       -502.170
           5410         482139       -502.170
           5420         483139       -502.170
           5430         484139       -502.170
           5440         485139       -502.170
           5450         486139       -502.170
           5460         487139       -502.170
           5470         488139       -502.170
           5480         489139       -502.170
           5490         490139       -502.170
           5500         491139       -502.170
           5510         492139       -502.170
           5520         493139       -502.170
           5530         494139       -502.170
           5540         495139       -502.170
           5550         496139       -502.170
           5560         497139       -502.170
           5570         498139       -502.170
           5580         499139       -502.170
