             10            400      -3308.095
             20           1027      -3795.108
             30           1716      -5342.377
             40           2602      -1940.080
             50           3415      -2340.053
             60           4268      -2494.534
             70           5189      -5240.510
             80           6119      -6148.290
             90           7036      -5593.476
            100           7980      -4934.802
            110           8894      -5623.905
            120           9732      -6326.193
            130          10693      -6903.417
            140          11629      -2893.657
            150          12481      -5883.552
            160          13350      -6152.572
            170          14327      -2754.349
            180          15277      -5763.099
            190          16240      -4799.649
            200          17117      -2799.795
            210          18055      -6010.156
            220          18992      -6416.130
            230          19819      -2841.457
            240          20765      -5769.712
            250          21741      -5624.424
            260          22734      -6753.345
            270          23666      -5074.390
            280          24645      -5736.050
            290          25507      -8058.585
            300          26507      -5581.209
            310          27507      -6556.054
            320          28507      -5757.064
            330          29309      -6615.270
            340          30260      -3987.802
            350          31260      -5885.416
            360          32260      -4418.780
            370          33260      -6293.367
            380          34203      -5814.909
            390          35203      -5461.730
            400          36122      -5319.854
            410          37122      -5066.273
            420          38007      -5914.298
            430          38904      -6316.609
            440          39861      -5567.389
            450          40861      -5468.667
            460          41861      -7034.120
            470          42858      -6513.446
            480          43858      -3426.424
            490          44812      -5200.392
            500          45677      -6429.939
            510          46616      -5633.890
            520          47616      -6249.075
            530          48563      -4822.994
            540          49523      -6128.848
            550          50453      -7776.578
            560          51430      -6229.986
            570          52334      -4382.855
            580          53291       -979.469
            590          54274      -5357.264
            600          55168      -4307.861
            610          55978      -4725.863
            620          56952      -7578.124
            630          57796      -5414.012
            640          58691      -7043.364
            650          59549      -5520.165
            660          60479      -2476.415
            670          61288       -933.399
            680          62210      -5872.983
            690          63038       -981.124
            700          63486      -4382.480
            710          64154      -4382.480
            720          64974      -6070.396
            730          65841      -2519.548
            740          66652      -5283.411
            750          67344      -4739.682
            760          68090      -4548.297
            770          68990      -6601.735
            780          69779       -870.859
            790          70322      -3826.381
            800          71111       -886.971
            810          71858      -3241.042
            820          72480      -3128.135
            830          73226      -4582.729
            840          73694      -3523.140
            850          74249       -859.481
            860          74774       -829.601
            870          75466      -2562.797
            880          76057      -5121.281
            890          76797       -927.112
            900          77259      -7012.349
            910          78093      -1052.211
            920          78718      -2668.536
            930          79506      -5873.552
            940          80434      -4012.902
            950          81223      -5171.468
            960          82083      -5186.471
            970          82715      -4778.909
            980          83431       -869.458
            990          84012      -5099.560
           1000          84659      -1056.382
           1010          85203       -994.107
           1020          85999       -881.425
           1030          86579       -888.984
           1040          87208       -808.617
           1050          87629      -1013.007
           1060          88329      -3700.293
           1070          88896       -952.766
           1080          89455       -892.726
           1090          90076       -843.664
           1100          90625       -905.675
           1110          91194       -904.309
           1120          91920       -815.549
           1130          92644       -833.464
           1140          93190       -934.863
           1150          93844       -929.209
           1160          94378       -868.710
           1170          94962      -3129.688
           1180          95565       -895.122
           1190          96213      -2120.947
           1200          96893      -3216.269
           1210          97665       -840.976
           1220          98236      -1116.004
           1230          98750       -970.277
           1240          99208      -2150.768
           1250          99857       -845.449
           1260         100381       -884.763
           1270         101042      -4251.208
           1280         101822       -886.843
           1290         102318       -888.046
           1300         102786      -2180.803
           1310         103299      -4458.112
           1320         103924       -896.040
           1330         104537      -2090.631
           1340         105349       -932.463
           1350         105891      -4150.373
           1360         106632      -3052.098
           1370         107385      -4950.172
           1380         107890      -6262.102
           1390         108579      -4325.473
           1400         109212       -931.818
           1410         109888      -3573.125
           1420         110514      -1116.771
           1430         110982       -678.268
           1440         111727       -867.095
           1450         112335       -902.765
           1460         113040       -925.858
           1470         113669       -923.679
           1480         114272       -828.040
           1490         114811       -545.294
           1500         115513       -545.294
           1510         116277       -545.294
           1520         117239       -925.787
           1530         117937       -927.406
           1540         118706      -2459.864
           1550         119318      -2609.218
           1560         120046      -1036.328
           1570         120810       -658.620
           1580         121512       -993.627
           1590         122294       -884.091
           1600         123038       -706.822
           1610         123726       -651.739
           1620         124492      -2716.935
           1630         125332      -2366.432
           1640         126010       -564.241
           1650         126816       -564.241
           1660         127713       -596.333
           1670         128574       -545.722
           1680         129467       -545.722
           1690         130269       -545.722
           1700         131199       -545.722
           1710         132109       -564.877
           1720         133000       -559.123
           1730         133929       -559.123
           1740         134824       -559.123
           1750         135657       -559.123
           1760         136649       -559.123
           1770         137649       -559.123
           1780         138649       -559.123
           1790         139510       -559.123
           1800         140475       -668.700
           1810         141232       -622.876
           1820         142194      -6529.076
           1830         142996      -5830.912
           1840         143933      -6850.181
           1850         144933       -694.659
           1860         145933      -2561.210
           1870         146772       -565.203
           1880         147660       -853.574
           1890         148524       -935.031
           1900         149363       -554.416
           1910         150180       -615.214
           1920         151180       -597.655
           1930         152180       -636.369
           1940         153035       -616.542
           1950         153861       -672.248
           1960         154744       -916.838
           1970         155660       -556.337
           1980         156580       -566.425
           1990         157360       -566.425
           2000         158318       -556.337
           2010         159308       -564.293
           2020         160301       -556.337
           2030         161268       -556.337
           2040         162145       -556.337
           2050         162936       -585.839
           2060         163883       -557.423
           2070         164883       -545.294
           2080         165852       -545.294
           2090         166782       -574.843
           2100         167755       -616.296
           2110         168646       -590.135
           2120         169634       -597.572
           2130         170542       -597.572
           2140         171516       -597.572
           2150         172516       -584.087
           2160         173516       -583.603
           2170         174480       -557.423
           2180         175404       -565.703
           2190         176386       -584.087
           2200         177372       -555.453
           2210         178355       -555.453
           2220         179322       -555.453
           2230         180322       -555.453
           2240         181259       -585.959
           2250         182208       -576.550
           2260         183099       -584.377
           2270         184045       -584.377
           2280         185036       -584.377
           2290         186036       -584.377
           2300         187036       -576.550
           2310         187971       -576.550
           2320         188828       -555.453
           2330         189787       -555.453
           2340         190787       -555.453
           2350         191787       -555.453
           2360         192787       -555.453
           2370         193787       -555.453
           2380         194787       -555.453
           2390         195787       -555.453
           2400         196766       -555.453
           2410         197657       -555.453
           2420         198648       -555.453
           2430         199648       -555.453
           2440         200525       -555.453
           2450         201525       -555.453
           2460         202525       -555.453
           2470         203525       -555.453
           2480         204525       -555.453
           2490         205525       -555.453
           2500         206525       -555.453
           2510         207525       -555.453
           2520         208479       -555.453
           2530         209470       -555.453
           2540         210438       -555.453
           2550         211376       -555.453
           2560         212363       -555.453
           2570         213363       -555.453
           2580         214332       -555.453
           2590         215332       -555.453
           2600         216332       -574.371
           2610         217332       -574.371
           2620         218332       -555.453
           2630         219315       -547.893
           2640         220256       -556.756
           2650         221166       -556.756
           2660         222028       -556.756
           2670         223028       -556.756
           2680         224028       -556.756
           2690         224946       -556.756
           2700         225946       -556.756
           2710         226898       -545.294
           2720         227898       -545.294
           2730         228898       -545.294
           2740         229898       -545.294
           2750         230898       -545.294
           2760         231898       -545.294
           2770         232898       -545.294
           2780         233896       -545.294
           2790         234896       -545.294
           2800         235892       -583.603
           2810         236796       -574.313
           2820         237796       -557.423
           2830         238796       -545.294
           2840         239785       -583.603
           2850         240785       -545.294
           2860         241785       -545.294
           2870         242785       -545.294
           2880         243785       -545.294
           2890         244785       -545.294
           2900         245781       -545.294
           2910         246708       -545.294
           2920         247708       -545.294
           2930         248708       -545.294
           2940         249708       -545.294
           2950         250708       -545.294
           2960         251645       -583.603
           2970         252645       -545.294
           2980         253645       -545.294
           2990         254645       -545.294
           3000         255591       -545.294
           3010         256591       -557.423
           3020         257591       -556.337
           3030         258591       -556.337
           3040         259495       -615.214
           3050         260495       -615.214
           3060         261495       -556.337
           3070         262495       -556.337
           3080         263423       -556.337
           3090         264423       -556.337
           3100         265423       -556.337
           3110         266423       -556.337
           3120         267423       -556.337
           3130         268423       -556.337
           3140         269360       -556.337
           3150         270360       -556.337
           3160         271360       -556.337
           3170         272342       -622.372
           3180         273342       -566.425
           3190         274342       -556.337
           3200         275342       -556.337
           3210         276294       -556.337
           3220         277294       -556.337
           3230         278294       -556.337
           3240         279294       -556.337
           3250         280294       -556.337
           3260         281294       -556.337
           3270         282294       -556.337
           3280         283294       -556.337
           3290         284294       -556.337
           3300         285294       -556.337
           3310         286294       -556.337
           3320         287294       -556.337
           3330         288294       -556.337
           3340         289294       -556.337
           3350         290224       -556.337
           3360         291224       -556.337
           3370         292224       -556.337
           3380         293224       -556.337
           3390         294168       -556.337
           3400         295168       -556.337
           3410         296168       -556.337
           3420         297168       -556.337
           3430         298168       -643.526
           3440         299168       -556.337
           3450         300105       -583.545
           3460         301105       -583.545
           3470         302105       -583.545
           3480         303105       -583.545
           3490         304105       -583.545
           3500         305105       -556.337
           3510         306105       -556.337
           3520         307105       -556.337
           3530         308105       -556.337
           3540         309105       -556.337
           3550         310105       -556.337
           3560         311105       -602.533
           3570         312055       -624.772
           3580         313044       -576.476
           3590         314044       -576.476
           3600         315044       -556.337
           3610         316044       -585.173
           3620         316987       -556.337
           3630         317987       -556.337
           3640         318987       -556.337
           3650         319987       -556.337
           3660         320987       -556.337
           3670         321987       -556.337
           3680         322987       -556.337
           3690         323987       -556.337
           3700         324987       -556.337
           3710         325987       -556.337
           3720         326987       -556.337
           3730         327987       -556.337
           3740         328987       -556.337
           3750         329920       -556.337
           3760         330920       -556.337
           3770         331920       -556.337
           3780         332920       -556.337
           3790         333920       -556.337
           3800         334920       -556.337
           3810         335920       -556.337
           3820         336920       -591.517
           3830         337920       -556.337
           3840         338920       -556.337
           3850         339920       -556.337
           3860         340920       -556.337
           3870         341920       -556.337
           3880         342843       -556.337
           3890         343843       -556.337
           3900         344843       -556.337
           3910         345843       -556.337
           3920         346843       -556.337
           3930         347843       -556.337
           3940         348843       -556.337
           3950         349843       -556.337
           3960         350825       -556.337
           3970         351825       -556.337
           3980         352825       -566.425
           3990         353759       -566.425
           4000         354759       -566.425
           4010         355759       -566.425
           4020         356759       -566.425
           4030         357687       -556.337
           4040         358687       -556.337
           4050         359687       -556.337
           4060         360687       -556.337
           4070         361687       -556.337
           4080         362687       -591.517
           4090         363614       -644.709
           4100         364614       -556.337
           4110         365614       -556.337
           4120         366614       -556.337
           4130         367614       -556.337
           4140         368614       -556.337
           4150         369614       -556.337
           4160         370614       -556.337
           4170         371614       -556.337
           4180         372614       -556.337
           4190         373614       -556.337
           4200         374556       -556.337
           4210         375556       -556.337
           4220         376556       -556.337
           4230         377556       -556.337
           4240         378556       -556.337
           4250         379556       -556.337
           4260         380556       -556.337
           4270         381556       -556.337
           4280         382556       -591.517
           4290         383556       -556.337
           4300         384556       -556.337
           4310         385556       -556.337
           4320         386556       -556.337
           4330         387556       -556.337
           4340         388556       -591.517
           4350         389556       -556.337
           4360         390556       -556.337
           4370         391486       -556.337
           4380         392486       -556.337
           4390         393486       -556.337
           4400         394486       -556.337
           4410         395486       -556.337
           4420         396486       -556.337
           4430         397486       -556.337
           4440         398486       -556.337
           4450         399486       -556.337
           4460         400486       -556.337
           4470         401486       -556.337
           4480         402486       -556.337
           4490         403486       -556.337
           4500         404486       -556.337
           4510         405486       -556.337
           4520         406486       -556.337
           4530         407486       -556.337
           4540         408486       -556.337
           4550         409486       -556.337
           4560         410486       -556.337
           4570         411486       -556.337
           4580         412486       -631.439
           4590         413486       -556.337
           4600         414486       -556.337
           4610         415486       -556.337
           4620         416486       -556.337
           4630         417486       -556.337
           4640         418486       -556.337
           4650         419486       -556.337
           4660         420486       -556.337
           4670         421486       -556.337
           4680         422486       -556.337
           4690         423486       -556.337
           4700         424486       -556.337
           4710         425486       -556.337
           4720         426486       -556.337
           4730         427486       -556.337
           4740         428486       -556.337
           4750         429486       -556.337
           4760         430486       -556.337
           4770         431486       -556.337
           4780         432486       -556.337
           4790         433486       -556.337
           4800         434486       -556.337
           4810         435486       -556.337
           4820         436486       -556.337
           4830         437486       -556.337
           4840         438486       -556.337
           4850         439486       -556.337
           4860         440486       -556.337
           4870         441486       -556.337
           4880         442486       -556.337
           4890         443486       -556.337
           4900         444486       -556.337
           4910         445486       -556.337
           4920         446486       -556.337
           4930         447486       -556.337
           4940         448486       -556.337
           4950         449486       -556.337
           4960         450486       -556.337
           4970         451486       -556.337
           4980         452486       -556.337
           4990         453486       -556.337
           5000         454486       -556.337
           5010         455486       -556.337
           5020         456486       -556.337
           5030         457486       -556.337
           5040         458486       -556.337
           5050         459486       -556.337
           5060         460486       -556.337
           5070         461486       -556.337
           5080         462486       -556.337
           5090         463486       -556.337
           5100         464486       -556.337
           5110         465486       -556.337
           5120         466486       -556.337
           5130         467486       -556.337
           5140         468486       -556.337
           5150         469486       -556.337
           5160         470486       -556.337
           5170         471486       -556.337
           5180         472486       -556.337
           5190         473486       -556.337
           5200         474486       -556.337
           5210         475465       -556.337
           5220         476465       -556.337
           5230         477465       -556.337
           5240         478465       -556.337
           5250         479465       -556.337
           5260         480465       -556.337
           5270         481465       -556.337
           5280         482465       -556.337
           5290         483465       -556.337
           5300         484465       -556.337
           5310         485465       -556.337
           5320         486465       -556.337
           5330         487465       -556.337
           5340         488465       -556.337
           5350         489465       -556.337
           5360         490465       -556.337
           5370         491465       -556.337
           5380         492465       -556.337
           5390         493465       -556.337
           5400         494465       -556.337
           5410         495465       -556.337
           5420         496465       -556.337
           5430         497465       -556.337
           5440         498465       -556.337
           5450         499465       -556.337
