             10            938      -3355.883
             20           1903      -5519.736
             30           2862      -4934.802
             40           3799      -5396.629
             50           4768      -5695.160
             60           5735      -5758.090
             70           6690      -6278.447
             80           7635      -5662.758
             90           8635      -5901.060
            100           9635      -6366.194
            110          10635      -4934.802
            120          11579      -5913.856
            130          12505      -6372.162
            140          13505      -6246.609
            150          14433      -4934.802
            160          15413      -5968.522
            170          16364      -6011.328
            180          17260      -5742.333
            190          18260      -5860.348
            200          19235      -4934.802
            210          20235      -5801.202
            220          21223      -5838.255
            230          22180      -6789.290
            240          23149      -4622.310
            250          24149      -5787.688
            260          25033      -5811.266
            270          26033      -4139.530
            280          27003      -5291.951
            290          28003      -6020.482
            300          28989      -5372.823
            310          29989      -5534.754
            320          30952      -6145.946
            330          31924      -6283.666
            340          32900      -6338.342
            350          33900      -4802.470
            360          34887      -4802.470
            370          35879      -6324.241
            380          36877      -5505.970
            390          37877      -6205.116
            400          38871      -6591.909
            410          39840      -6905.216
            420          40832      -6584.532
            430          41802      -5665.119
            440          42731      -6659.711
            450          43671      -5288.386
            460          44658      -6929.040
            470          45613      -6536.197
            480          46613      -5739.317
            490          47613      -6987.677
            500          48572      -5575.706
            510          49526      -5876.051
            520          50526      -7180.251
            530          51526      -5516.532
            540          52495      -6660.250
            550          53475      -5587.634
            560          54475      -5210.948
            570          55475      -5429.203
            580          56475      -4399.632
            590          57440      -6521.755
            600          58440      -6142.293
            610          59381      -6740.652
            620          60381      -6327.608
            630          61381      -6810.015
            640          62371      -5874.271
            650          63371      -5177.508
            660          64371      -5279.648
            670          65371      -6687.966
            680          66347      -5545.897
            690          67342      -6843.914
            700          68342      -6389.885
            710          69341      -5790.070
            720          70339      -6410.915
            730          71339      -6373.021
            740          72339      -5915.884
            750          73339      -5501.341
            760          74339      -6176.511
            770          75339      -7429.752
            780          76334      -5655.299
            790          77307      -6461.554
            800          78307      -5223.496
            810          79307      -5737.442
            820          80278      -4752.348
            830          81242      -5553.582
            840          82240      -6292.011
            850          83224      -5664.477
            860          84132      -5267.581
            870          85119      -5906.169
            880          86090      -5448.277
            890          87052      -5925.662
            900          88052      -4374.046
            910          89042      -6113.495
            920          90042      -4293.240
            930          90960      -5442.315
            940          91836      -6640.429
            950          92751      -5751.656
            960          93636      -5970.077
            970          94556      -6777.950
            980          95445      -6140.623
            990          96353      -5859.905
           1000          97310      -5989.256
           1010          98265      -6468.394
           1020          99209      -7422.392
           1030         100172      -5898.364
           1040         101153      -4166.239
           1050         102111      -6022.150
           1060         103059      -5895.930
           1070         103912      -5440.548
           1080         104728      -6786.459
           1090         105594      -6324.801
           1100         106513      -4923.765
           1110         107468      -6254.164
           1120         108468      -5595.265
           1130         109427      -4901.768
           1140         110375      -5203.368
           1150         111288      -7333.298
           1160         112150      -6140.607
           1170         113107      -6709.541
           1180         114104      -6072.981
           1190         114998      -6450.923
           1200         115943      -7684.769
           1210         116943      -3991.608
           1220         117860      -5974.964
           1230         118807      -6506.747
           1240         119749      -5979.169
           1250         120724      -3702.273
           1260         121612      -3840.898
           1270         122526      -4914.525
           1280         123489      -5719.416
           1290         124439      -5428.726
           1300         125337      -6018.678
           1310         126323      -4696.459
           1320         127135      -4992.618
           1330         128046      -5434.818
           1340         128966      -5813.547
           1350         129960      -5909.329
           1360         130901      -4523.660
           1370         131841      -5602.912
           1380         132705      -4934.802
           1390         133619      -5594.520
           1400         134507      -5752.410
           1410         135409      -5084.757
           1420         136293      -5636.544
           1430         137142      -5629.941
           1440         137920      -5510.401
           1450         138768      -7468.465
           1460         139720      -3272.428
           1470         140583      -3318.710
           1480         141427      -4699.525
           1490         142401      -5829.514
           1500         143336      -6177.135
           1510         144273      -4008.654
           1520         145150      -2924.148
           1530         146008      -3282.848
           1540         146797      -3409.350
           1550         147787      -2251.538
           1560         148565      -2378.496
           1570         149406      -3550.041
           1580         150310      -3417.972
           1590         151234      -6260.953
           1600         152080      -5181.722
           1610         152981      -4934.802
           1620         153867      -5255.978
           1630         154686      -5530.483
           1640         155561      -3993.593
           1650         156328      -3314.537
           1660         157060      -6158.896
           1670         157935      -5796.705
           1680         158600      -3696.772
           1690         159418      -3983.216
           1700         160189      -6750.850
           1710         160973      -2198.123
           1720         161755      -4739.714
           1730         162532      -5218.076
           1740         163290      -4951.241
           1750         164059      -3416.121
           1760         164913      -2118.593
           1770         165767      -5307.801
           1780         166656      -4934.802
           1790         167490      -4430.826
           1800         168246      -2341.235
           1810         169085      -2082.170
           1820         169928      -5102.557
           1830         170758      -4915.163
           1840         171638      -4515.596
           1850         172456      -4515.596
           1860         173153      -4515.596
           1870         173959      -6122.026
           1880         174733      -2469.105
           1890         175484      -3347.015
           1900         176292      -6042.314
           1910         177104      -5311.620
           1920         177908      -2759.871
           1930         178816      -3352.489
           1940         179614      -2094.781
           1950         180383      -2106.824
           1960         181248      -5403.769
           1970         182034      -4267.227
           1980         182891      -6080.592
           1990         183783      -2608.003
           2000         184633      -4433.120
           2010         185439      -4233.355
           2020         186101      -2311.910
           2030         186959      -2297.317
           2040         187724      -1927.797
           2050         188588      -4524.659
           2060         189473      -1940.251
           2070         190280      -2024.896
           2080         191193      -2553.411
           2090         192045      -3619.081
           2100         192895      -3261.291
           2110         193797      -4368.786
           2120         194674      -5250.242
           2130         195515      -5630.633
           2140         196366      -1890.971
           2150         197261      -2108.531
           2160         198022      -3286.568
           2170         198773      -2201.845
           2180         199533      -2038.551
           2190         200322      -9641.125
           2200         201204      -3694.993
           2210         202161      -2409.536
           2220         202925      -3825.898
           2230         203713      -2395.373
           2240         204529      -2552.596
           2250         205321      -1771.771
           2260         206158      -2067.781
           2270         206953      -3535.896
           2280         207861      -3919.536
           2290         208723      -1983.109
           2300         209660      -2343.689
           2310         210621      -1821.517
           2320         211380      -1967.107
           2330         212256      -1983.943
           2340         213060      -1793.407
           2350         213957      -2218.858
           2360         214823      -1932.506
           2370         215692      -2563.277
           2380         216595      -1817.597
           2390         217427      -1780.287
           2400         218265      -1711.871
           2410         219145      -1769.552
           2420         219969      -6027.577
           2430         220823      -2707.545
           2440         221754      -4784.634
           2450         222732      -3255.500
           2460         223727      -2271.442
           2470         224596      -2241.906
           2480         225485      -2458.074
           2490         226390      -1288.427
           2500         227271      -1370.091
           2510         228200      -1284.927
           2520         229122      -1284.927
           2530         230084      -1248.991
           2540         231084      -1267.370
           2550         232075      -1267.370
           2560         232996      -2881.495
           2570         233952      -1315.019
           2580         234859      -1285.331
           2590         235859      -1285.331
           2600         236743      -1238.508
           2610         237743      -1238.508
           2620         238692      -1238.508
           2630         239681      -1314.364
           2640         240635      -1338.361
           2650         241612      -1293.280
           2660         242564      -1267.370
           2670         243564      -1277.427
           2680         244532      -1257.670
           2690         245478      -1257.670
           2700         246363      -1257.670
           2710         247363      -1669.914
           2720         248163      -1340.558
           2730         249109      -1277.427
           2740         250080      -1276.958
           2750         250982      -1277.427
           2760         251838      -1257.670
           2770         252838      -1257.670
           2780         253792      -1257.670
           2790         254770      -1238.508
           2800         255770      -1238.508
           2810         256707      -1238.508
           2820         257707      -1238.508
           2830         258707      -1238.508
           2840         259655      -1238.508
           2850         260643      -1238.508
           2860         261630      -1238.508
           2870         262570      -1238.508
           2880         263507      -1238.508
           2890         264507      -1257.670
           2900         265381      -1257.670
           2910         266310      -1257.670
           2920         267232      -1257.670
           2930         268153      -1257.670
           2940         269088      -1257.670
           2950         270088      -1257.670
           2960         271005      -1257.670
           2970         271969      -1257.670
           2980         272969      -1257.670
           2990         273924      -1257.670
           3000         274924      -1267.708
           3010         275900      -1267.708
           3020         276852      -1267.708
           3030         277852      -1267.708
           3040         278818      -1311.655
           3050         279759      -1267.708
           3060         280759      -1267.708
           3070         281759      -1267.708
           3080         282700      -1267.708
           3090         283700      -1267.708
           3100         284674      -1267.708
           3110         285643      -1267.708
           3120         286643      -1267.708
           3130         287637      -1267.708
           3140         288573      -1267.708
           3150         289573      -1267.708
           3160         290573      -1267.708
           3170         291506      -1267.708
           3180         292466      -1267.708
           3190         293466      -1267.708
           3200         294403      -1267.708
           3210         295403      -1267.708
           3220         296337      -1298.280
           3230         297337      -1258.752
           3240         298337      -1258.752
           3250         299299      -1258.752
           3260         300299      -1305.752
           3270         301260      -1305.752
           3280         302250      -1305.752
           3290         303244      -1285.524
           3300         304244      -1285.524
           3310         305244      -1305.752
           3320         306244      -1285.524
           3330         307223      -1285.524
           3340         308223      -1285.524
           3350         309223      -1285.524
           3360         310182      -1285.524
           3370         311182      -1285.524
           3380         312182      -1285.524
           3390         313182      -1285.524
           3400         314182      -1285.524
           3410         315182      -1293.638
           3420         316125      -1285.524
           3430         317125      -1285.524
           3440         318125      -1285.524
           3450         319125      -1303.422
           3460         320120      -1285.524
           3470         321120      -1267.708
           3480         322059      -1306.466
           3490         323059      -1306.466
           3500         324059      -1306.466
           3510         324931      -1306.466
           3520         325931      -1306.466
           3530         326872      -1306.466
           3540         327872      -1306.466
           3550         328809      -1306.466
           3560         329809      -1305.752
           3570         330809      -1285.524
           3580         331809      -1285.524
           3590         332809      -1285.524
           3600         333749      -1285.524
           3610         334714      -1285.524
           3620         335714      -1285.524
           3630         336714      -1305.752
           3640         337714      -1305.752
           3650         338714      -1285.524
           3660         339714      -1285.524
           3670         340714      -1285.524
           3680         341714      -1285.524
           3690         342714      -1285.524
           3700         343714      -1285.524
           3710         344714      -1285.524
           3720         345608      -1230.860
           3730         346608      -1230.860
           3740         347608      -1230.860
           3750         348608      -1230.860
           3760         349545      -1230.860
           3770         350545      -1230.860
           3780         351545      -1222.280
           3790         352545      -1230.860
           3800         353482      -1230.860
           3810         354482      -1230.860
           3820         355482      -1230.860
           3830         356482      -1230.860
           3840         357482      -1230.860
           3850         358442      -1230.860
           3860         359442      -1212.394
           3870         360377      -1212.394
           3880         361377      -1230.860
           3890         362377      -1222.280
           3900         363339      -1222.280
           3910         364339      -1222.280
           3920         365339      -1222.280
           3930         366339      -1222.280
           3940         367339      -1222.280
           3950         368284      -1222.280
           3960         369284      -1222.280
           3970         370255      -1249.820
           3980         371194      -1223.909
           3990         372194      -1185.123
           4000         373128      -1242.495
           4010         374128      -1242.495
           4020         375128      -1262.456
           4030         376081      -1184.633
           4040         377046      -1184.633
           4050         378046      -1184.633
           4060         379046      -1184.633
           4070         380046      -1184.633
           4080         381046      -1184.633
           4090         382046      -1184.633
           4100         383046      -1184.633
           4110         384014      -1184.633
           4120         385014      -1184.633
           4130         386014      -1184.633
           4140         387014      -1184.633
           4150         387960      -1184.633
           4160         388922      -1184.633
           4170         389922      -1184.633
           4180         390922      -1184.633
           4190         391922      -1184.633
           4200         392861      -1184.633
           4210         393861      -1221.685
           4220         394861      -1221.685
           4230         395861      -1221.685
           4240         396861      -1230.860
           4250         397861      -1230.860
           4260         398861      -1230.860
           4270         399821      -1230.860
           4280         400773      -1259.413
           4290         401773      -1212.394
           4300         402773      -1184.633
           4310         403773      -1184.633
           4320         404773      -1184.633
           4330         405773      -1184.633
           4340         406773      -1184.633
           4350         407773      -1184.633
           4360         408773      -1184.633
           4370         409773      -1184.633
           4380         410773      -1184.633
           4390         411773      -1184.633
           4400         412773      -1184.633
           4410         413773      -1184.633
           4420         414773      -1184.633
           4430         415715      -1184.633
           4440         416715      -1184.633
           4450         417715      -1184.633
           4460         418715      -1184.633
           4470         419715      -1184.633
           4480         420715      -1184.633
           4490         421715      -1184.633
           4500         422715      -1184.633
           4510         423715      -1212.394
           4520         424715      -1230.860
           4530         425715      -1230.860
           4540         426715      -1230.860
           4550         427715      -1230.860
           4560         428715      -1241.827
           4570         429666      -1221.810
           4580         430666      -1230.860
           4590         431666      -1230.860
           4600         432666      -1230.860
           4610         433602      -1230.860
           4620         434571      -1221.685
           4630         435571      -1221.685
           4640         436533      -1221.685
           4650         437533      -1221.685
           4660         438533      -1221.685
           4670         439533      -1221.685
           4680         440533      -1221.685
           4690         441533      -1221.685
           4700         442533      -1221.685
           4710         443533      -1230.860
           4720         444475      -1230.860
           4730         445475      -1230.860
           4740         446475      -1230.860
           4750         447475      -1230.860
           4760         448475      -1230.860
           4770         449410      -1230.860
           4780         450410      -1230.860
           4790         451410      -1230.860
           4800         452410      -1230.860
           4810         453410      -1230.860
           4820         454410      -1230.860
           4830         455343      -1230.860
           4840         456343      -1230.860
           4850         457343      -1230.860
           4860         458343      -1230.860
           4870         459343      -1230.860
           4880         460343      -1230.860
           4890         461343      -1230.860
           4900         462343      -1230.860
           4910         463343      -1230.860
           4920         464343      -1230.860
           4930         465343      -1230.860
           4940         466343      -1230.860
           4950         467343      -1230.860
           4960         468343      -1230.860
           4970         469343      -1230.860
           4980         470343      -1230.860
           4990         471343      -1230.860
           5000         472343      -1230.860
           5010         473343      -1230.860
           5020         474343      -1230.860
           5030         475343      -1230.860
           5040         476343      -1230.860
           5050         477343      -1230.860
           5060         478343      -1230.860
           5070         479343      -1230.860
           5080         480343      -1230.860
           5090         481343      -1230.860
           5100         482343      -1230.860
           5110         483343      -1230.860
           5120         484343      -1230.860
           5130         485343      -1230.860
           5140         486343      -1230.860
           5150         487343      -1230.860
           5160         488343      -1230.860
           5170         489343      -1230.860
           5180         490343      -1230.860
           5190         491343      -1230.860
           5200         492343      -1230.860
           5210         493343      -1230.860
           5220         494343      -1230.860
           5230         495343      -1230.860
           5240         496343      -1230.860
           5250         497343      -1230.860
           5260         498343      -1230.860
           5270         499343      -1230.860
