             10            423      -3106.915
             20           1103      -1515.715
             30           1786      -5525.028
             40           2657      -5204.376
             50           3512      -4934.802
             60           4420      -2477.478
             70           5012      -2437.904
             80           5905      -5270.236
             90           6797      -5556.937
            100           7674      -3165.007
            110           8633      -4353.991
            120           9443      -4934.802
            130          10436      -5788.069
            140          11302      -6818.652
            150          12283      -5538.840
            160          13236      -5668.479
            170          14155      -5147.214
            180          15122      -6473.438
            190          16021      -3319.941
            200          16973      -3017.097
            210          17958      -6421.557
            220          18871      -6926.019
            230          19860      -4521.198
            240          20794      -6364.453
            250          21733      -5045.234
            260          22660      -5422.966
            270          23588      -6656.054
            280          24586      -6480.538
            290          25440      -5763.544
            300          26367      -5737.547
            310          27325      -5639.417
            320          28146      -5484.483
            330          29125      -6079.609
            340          30125      -7831.649
            350          31111      -6528.761
            360          32073      -6384.706
            370          33073      -5921.023
            380          33955      -7269.205
            390          34831      -7264.952
            400          35813      -7517.815
            410          36739      -6916.861
            420          37739      -6439.375
            430          38584      -6032.289
            440          39445      -6923.526
            450          40323      -5781.234
            460          41008      -4305.414
            470          41818      -4168.085
            480          42735      -6217.201
            490          43509      -4632.524
            500          44306      -5692.783
            510          45243      -4415.022
            520          46007      -6551.120
            530          46807      -2831.247
            540          47421      -2384.936
            550          48103      -5453.002
            560          48857      -6561.101
            570          49573      -4897.014
            580          50396      -6542.976
            590          51141      -8946.989
            600          51916      -2349.809
            610          52675      -4866.803
            620          53252       -928.291
            630          53807      -2203.426
            640          54638      -1024.006
            650          55487      -6175.400
            660          56064       -957.061
            670          56593       -917.176
            680          57415      -5348.561
            690          58028       -903.894
            700          58654      -7056.536
            710          59397      -6518.545
            720          60042       -939.344
            730          60713       -916.033
            740          61338      -4285.044
            750          61871       -940.083
            760          62486       -956.111
            770          63082      -6476.066
            780          63819       -952.248
            790          64479      -1034.118
            800          65066       -918.611
            810          65722       -899.445
            820          66365      -3966.056
            830          67100       -855.295
            840          67528      -2219.743
            850          68172      -2245.595
            860          68829      -2764.153
            870          69516       -938.335
            880          70097      -4061.724
            890          70704      -5271.694
            900          71408      -3808.436
            910          72031      -4315.981
            920          72576       -898.484
            930          73245      -1036.597
            940          73979      -3213.510
            950          74575      -1013.736
            960          75165      -4979.684
            970          75774       -941.358
            980          76386      -2663.862
            990          77059      -2663.862
           1000          77625       -898.341
           1010          78204      -3076.557
           1020          79096       -914.337
           1030          79770      -2121.568
           1040          80327      -6069.834
           1050          80958      -4732.941
           1060          81470      -3825.942
           1070          81964      -4336.797
           1080          82643       -890.089
           1090          83391      -6665.418
           1100          84160      -4285.475
           1110          84891       -941.727
           1120          85411      -2175.742
           1130          85881      -2796.512
           1140          86494      -2753.925
           1150          87054      -4411.454
           1160          87590       -890.611
           1170          88279      -4920.222
           1180          88900       -856.849
           1190          89481       -592.205
           1200          90162       -832.078
           1210          90778       -900.738
           1220          91397       -895.793
           1230          91873      -2666.914
           1240          92414       -885.335
           1250          93072       -638.857
           1260          93753      -2131.760
           1270          94314       -982.895
           1280          94763       -911.093
           1290          95312      -4100.605
           1300          95979       -879.969
           1310          96740       -617.560
           1320          97421      -1070.763
           1330          98027       -971.925
           1340          98622       -903.575
           1350          99120      -1013.424
           1360          99833      -5644.095
           1370         100577      -2280.753
           1380         101184       -974.136
           1390         101865       -672.758
           1400         102430      -1986.359
           1410         103126       -833.431
           1420         103766      -7522.423
           1430         104491       -902.399
           1440         105162      -3887.933
           1450         105788      -2195.034
           1460         106614      -3574.688
           1470         107164       -980.495
           1480         107749       -947.707
           1490         108461       -658.404
           1500         109204      -3435.619
           1510         109890       -988.144
           1520         110625       -909.893
           1530         111273       -742.865
           1540         112041       -981.377
           1550         112975       -589.721
           1560         113858       -590.285
           1570         114728       -719.948
           1580         115450       -594.290
           1590         116404       -593.583
           1600         117324       -676.710
           1610         118205       -581.877
           1620         119094       -579.157
           1630         120094       -579.157
           1640         121054       -579.157
           1650         121842       -579.157
           1660         122758       -579.157
           1670         123758       -579.157
           1680         124754       -579.157
           1690         125548       -579.157
           1700         126521       -579.157
           1710         127473       -579.157
           1720         128341       -579.157
           1730         129261       -579.157
           1740         130233       -579.157
           1750         131159       -579.213
           1760         132159       -579.213
           1770         133117       -579.213
           1780         133986       -591.022
           1790         134874       -591.022
           1800         135802       -587.699
           1810         136665       -579.157
           1820         137592       -570.379
           1830         138523       -569.301
           1840         139471       -569.301
           1850         140396       -569.301
           1860         141312       -569.301
           1870         142279       -569.301
           1880         143088       -569.301
           1890         144088       -569.301
           1900         144995       -569.301
           1910         145922       -569.301
           1920         146886       -572.912
           1930         147827       -569.301
           1940         148735       -572.912
           1950         149667       -569.301
           1960         150637       -569.301
           1970         151635       -569.301
           1980         152591       -636.484
           1990         153584       -666.055
           2000         154512       -621.977
           2010         155398       -569.301
           2020         156398       -579.908
           2030         157363      -1024.736
           2040         158306       -626.395
           2050         159100       -601.088
           2060         160100       -579.157
           2070         160931       -588.545
           2080         161872       -597.311
           2090         162777       -893.725
           2100         163777       -893.725
           2110         164735       -608.064
           2120         165686       -608.064
           2130         166634       -608.064
           2140         167634       -608.064
           2150         168581       -608.064
           2160         169524       -608.064
           2170         170434       -608.064
           2180         171434       -608.064
           2190         172434       -587.722
           2200         173434       -599.289
           2210         174434       -578.943
           2220         175377       -558.850
           2230         176305       -558.850
           2240         177305       -558.850
           2250         178305       -558.850
           2260         179232       -558.850
           2270         180232       -558.850
           2280         181232       -558.850
           2290         182232       -558.850
           2300         183232       -558.850
           2310         184232       -558.850
           2320         185207       -558.850
           2330         186207       -558.850
           2340         187207       -621.977
           2350         188207       -621.977
           2360         189207       -558.850
           2370         190207       -558.850
           2380         191207       -558.850
           2390         192207       -558.850
           2400         193183       -558.850
           2410         194122       -558.850
           2420         195083       -621.977
           2430         196083       -561.262
           2440         196945       -561.262
           2450         197890       -561.262
           2460         198816       -558.850
           2470         199816       -625.723
           2480         200751       -581.034
           2490         201751       -581.034
           2500         202751       -609.931
           2510         203565       -625.723
           2520         204565       -581.034
           2530         205565       -581.034
           2540         206565       -626.804
           2550         207565       -588.744
           2560         208565       -561.235
           2570         209495       -561.235
           2580         210475       -606.608
           2590         211475       -606.608
           2600         212475       -586.984
           2610         213475       -580.670
           2620         214390       -580.670
           2630         215390       -569.408
           2640         216390       -569.408
           2650         217390       -569.408
           2660         218390       -589.826
           2670         219335       -571.232
           2680         220291       -571.232
           2690         221291       -571.232
           2700         222291       -571.232
           2710         223291       -571.232
           2720         224291       -571.232
           2730         225291       -571.232
           2740         226287       -571.232
           2750         227287       -571.232
           2760         228287       -571.232
           2770         229287       -569.408
           2780         230160       -586.437
           2790         231141       -587.699
           2800         232141       -579.804
           2810         233065       -587.699
           2820         234065       -587.699
           2830         235065       -587.699
           2840         236065       -587.699
           2850         237065       -587.699
           2860         237997       -587.699
           2870         238997       -587.699
           2880         239997       -587.699
           2890         240997       -587.699
           2900         241870       -591.022
           2910         242870       -587.699
           2920         243870       -587.699
           2930         244810       -587.699
           2940         245747       -587.699
           2950         246747       -587.699
           2960         247747       -587.699
           2970         248610       -587.699
           2980         249610       -587.699
           2990         250610       -587.699
           3000         251588       -600.414
           3010         252588       -649.015
           3020         253549       -602.165
           3030         254522       -579.511
           3040         255521       -579.511
           3050         256521       -579.511
           3060         257521       -587.699
           3070         258521       -587.699
           3080         259521       -579.511
           3090         260445       -579.511
           3100         261445       -579.511
           3110         262445       -588.643
           3120         263397       -579.511
           3130         264397       -587.699
           3140         265397       -579.511
           3150         266397       -579.511
           3160         267397       -579.511
           3170         268397       -579.511
           3180         269397       -579.511
           3190         270397       -579.511
           3200         271397       -579.511
           3210         272397       -579.511
           3220         273397       -688.159
           3230         274351       -579.511
           3240         275272       -587.699
           3250         276238       -588.648
           3260         277212       -587.699
           3270         278212       -587.699
           3280         279212       -587.699
           3290         280212       -587.699
           3300         281212       -587.699
           3310         282212       -625.687
           3320         283212       -580.827
           3330         284212       -625.687
           3340         285212       -580.827
           3350         286181       -600.488
           3360         287181       -580.827
           3370         288181       -569.408
           3380         289181       -569.408
           3390         290084       -569.408
           3400         291040       -569.408
           3410         292040       -569.408
           3420         293040       -587.699
           3430         294040       -587.699
           3440         295040       -587.699
           3450         296040       -587.699
           3460         296972       -587.699
           3470         297972       -587.699
           3480         298972       -587.699
           3490         299972       -587.699
           3500         300972       -589.251
           3510         301972       -588.643
           3520         302972       -587.699
           3530         303950       -587.699
           3540         304950       -587.699
           3550         305950       -587.699
           3560         306950       -587.699
           3570         307934       -587.699
           3580         308934       -587.699
           3590         309934       -587.699
           3600         310934       -587.699
           3610         311887       -587.699
           3620         312887       -587.699
           3630         313887       -587.699
           3640         314887       -587.699
           3650         315887       -587.699
           3660         316887       -591.022
           3670         317887       -587.699
           3680         318887       -587.699
           3690         319887       -587.699
           3700         320887       -587.699
           3710         321887       -587.699
           3720         322887       -587.699
           3730         323887       -587.699
           3740         324887       -587.699
           3750         325887       -581.142
           3760         326887       -581.142
           3770         327887       -581.142
           3780         328887       -587.699
           3790         329887       -587.699
           3800         330820       -587.699
           3810         331820       -587.699
           3820         332820       -587.699
           3830         333820       -587.699
           3840         334820       -587.699
           3850         335820       -587.699
           3860         336820       -587.699
           3870         337820       -587.699
           3880         338820       -587.699
           3890         339820       -587.699
           3900         340820       -587.699
           3910         341749       -587.699
           3920         342749       -587.699
           3930         343749       -587.699
           3940         344749       -587.699
           3950         345749       -587.699
           3960         346749       -587.699
           3970         347749       -587.699
           3980         348749       -587.699
           3990         349749       -587.699
           4000         350749       -587.699
           4010         351749       -587.699
           4020         352749       -587.699
           4030         353749       -587.699
           4040         354749       -587.699
           4050         355749       -587.699
           4060         356749       -587.699
           4070         357749       -587.699
           4080         358749       -587.699
           4090         359749       -587.699
           4100         360749       -587.699
           4110         361749       -587.699
           4120         362749       -587.699
           4130         363749       -587.699
           4140         364749       -587.699
           4150         365749       -587.699
           4160         366749       -591.022
           4170         367749       -587.699
           4180         368749       -587.699
           4190         369749       -587.699
           4200         370749       -587.699
           4210         371749       -587.699
           4220         372749       -587.699
           4230         373749       -587.699
           4240         374749       -587.699
           4250         375749       -587.699
           4260         376749       -587.699
           4270         377749       -587.699
           4280         378749       -587.699
           4290         379675       -587.699
           4300         380675       -591.022
           4310         381675       -587.699
           4320         382675       -587.699
           4330         383675       -587.699
           4340         384675       -587.699
           4350         385675       -587.699
           4360         386675       -587.699
           4370         387675       -587.699
           4380         388675       -587.699
           4390         389675       -587.699
           4400         390675       -587.699
           4410         391675       -587.699
           4420         392675       -587.699
           4430         393675       -587.699
           4440         394675       -587.699
           4450         395675       -596.134
           4460         396675       -587.699
           4470         397675       -587.699
           4480         398675       -587.699
           4490         399675       -587.699
           4500         400675       -587.699
           4510         401675       -587.699
           4520         402604       -587.699
           4530         403604       -587.699
           4540         404604       -587.699
           4550         405604       -587.699
           4560         406604       -587.699
           4570         407604       -587.699
           4580         408604       -587.699
           4590         409604       -587.699
           4600         410604       -587.699
           4610         411604       -587.699
           4620         412604       -587.699
           4630         413604       -587.699
           4640         414604       -587.699
           4650         415604       -587.699
           4660         416604       -587.699
           4670         417604       -587.699
           4680         418604       -587.699
           4690         419604       -587.699
           4700         420604       -587.699
           4710         421604       -587.699
           4720         422604       -587.699
           4730         423604       -587.699
           4740         424604       -587.699
           4750         425604       -587.699
           4760         426604       -587.699
           4770         427604       -587.699
           4780         428604       -587.699
           4790         429604       -587.699
           4800         430604       -587.699
           4810         431535       -587.699
           4820         432535       -591.022
           4830         433535       -591.022
           4840         434535       -587.699
           4850         435535       -587.699
           4860         436535       -587.699
           4870         437535       -587.699
           4880         438535       -587.699
           4890         439535       -587.699
           4900         440535       -587.699
           4910         441535       -587.699
           4920         442535       -587.699
           4930         443535       -587.699
           4940         444469       -587.699
           4950         445469       -587.699
           4960         446469       -587.699
           4970         447469       -587.699
           4980         448469       -587.699
           4990         449469       -587.699
           5000         450469       -587.699
           5010         451469       -587.699
           5020         452469       -587.699
           5030         453469       -587.699
           5040         454469       -587.699
           5050         455469       -587.699
           5060         456469       -587.699
           5070         457469       -587.699
           5080         458469       -587.699
           5090         459469       -587.699
           5100         460469       -587.699
           5110         461469       -587.699
           5120         462469       -587.699
           5130         463469       -587.699
           5140         464469       -587.699
           5150         465469       -587.699
           5160         466469       -587.699
           5170         467469       -587.699
           5180         468469       -587.699
           5190         469469       -587.699
           5200         470469       -587.699
           5210         471469       -587.699
           5220         472469       -587.699
           5230         473469       -587.699
           5240         474469       -587.699
           5250         475469       -587.699
           5260         476469       -587.699
           5270         477469       -587.699
           5280         478469       -587.699
           5290         479469       -587.699
           5300         480469       -587.699
           5310         481469       -587.699
           5320         482469       -587.699
           5330         483469       -587.699
           5340         484469       -587.699
           5350         485469       -587.699
           5360         486469       -587.699
           5370         487469       -587.699
           5380         488469       -587.699
           5390         489469       -587.699
           5400         490469       -587.699
           5410         491469       -587.699
           5420         492469       -587.699
           5430         493469       -587.699
           5440         494469       -587.699
           5450         495469       -587.699
           5460         496469       -587.699
           5470         497469       -587.699
           5480         498469       -587.699
           5490         499469       -587.699
