             10            966      -4991.238
             20           1879      -4640.645
             30           2829      -4934.802
             40           3745      -6003.064
             50           4677      -5567.325
             60           5597      -5924.602
             70           6579      -5183.939
             80           7455      -6314.190
             90           8350      -5505.533
            100           9280      -5523.489
            110          10219      -6257.384
            120          11128      -5922.403
            130          12097      -2769.548
            140          13083      -5416.009
            150          14021      -4934.802
            160          14960      -8335.441
            170          15934      -5076.790
            180          16874      -6026.629
            190          17804      -5437.446
            200          18762      -5271.527
            210          19752      -6610.903
            220          20752      -5952.484
            230          21752      -6649.416
            240          22720      -5589.896
            250          23720      -6301.649
            260          24677      -6202.594
            270          25640      -6147.066
            280          26578      -5354.957
            290          27576      -6832.336
            300          28576      -5615.348
            310          29576      -5542.658
            320          30468      -6202.741
            330          31417      -6549.107
            340          32366      -6052.692
            350          33267      -5787.382
            360          34267      -6000.682
            370          35213      -5990.731
            380          36166      -6075.032
            390          37166      -5443.856
            400          38166      -5464.452
            410          39166      -5180.705
            420          40133      -4789.229
            430          41108      -5989.487
            440          42108      -5289.054
            450          43099      -6733.661
            460          44050      -7925.341
            470          45027      -5811.713
            480          45973      -6255.052
            490          46973      -7148.818
            500          47973      -5793.339
            510          48940      -4877.736
            520          49919      -7939.050
            530          50919      -6793.172
            540          51871      -6095.315
            550          52838      -6354.414
            560          53835      -5828.953
            570          54813      -5828.576
            580          55813      -6088.610
            590          56785      -6583.150
            600          57785      -6218.376
            610          58737      -5806.776
            620          59693      -5893.955
            630          60693      -7699.413
            640          61668      -8038.956
            650          62668      -7782.134
            660          63668      -6463.954
            670          64641      -5994.729
            680          65577      -6519.122
            690          66577      -6191.456
            700          67547      -6369.944
            710          68426      -6151.627
            720          69383      -6066.846
            730          70342      -5547.278
            740          71327      -4103.228
            750          72327      -5687.778
            760          73327      -4208.723
            770          74181      -6694.542
            780          75095      -3060.687
            790          76051      -3895.879
            800          76915      -2657.880
            810          77843      -7023.394
            820          78765      -6582.391
            830          79761      -5902.499
            840          80713      -6076.580
            850          81640      -5312.549
            860          82578      -5122.641
            870          83525      -4829.826
            880          84490      -6373.222
            890          85231      -5698.167
            900          86144      -4384.241
            910          87054      -3897.129
            920          87964      -5383.140
            930          88928      -5697.637
            940          89915      -5958.309
            950          90861      -5977.866
            960          91791      -6035.769
            970          92791      -4362.555
            980          93721      -5339.599
            990          94520      -5470.711
           1000          95410      -5091.026
           1010          96272      -5430.587
           1020          97182      -5170.448
           1030          98137      -7050.833
           1040          99073      -6200.471
           1050          99954      -3581.754
           1060         100887      -6033.089
           1070         101804      -6577.225
           1080         102670      -3890.808
           1090         103446      -5290.668
           1100         104259      -4593.793
           1110         105011      -5431.253
           1120         105846      -5776.556
           1130         106794      -2614.556
           1140         107574      -9731.260
           1150         108440      -5846.487
           1160         109232      -6839.726
           1170         110171      -5791.119
           1180         111022      -2765.703
           1190         111963      -4899.653
           1200         112838      -5759.959
           1210         113657      -3935.219
           1220         114506      -4801.904
           1230         115344      -5481.762
           1240         116200      -4456.450
           1250         117127      -4645.396
           1260         118083      -5234.925
           1270         119020      -5470.625
           1280         119962      -4654.725
           1290         120843      -5139.813
           1300         121740      -2220.193
           1310         122578      -6365.061
           1320         123401      -5429.092
           1330         124366      -5237.210
           1340         125289      -4831.433
           1350         126164      -2780.774
           1360         127027      -4676.784
           1370         127910      -3240.193
           1380         128704      -2522.484
           1390         129600      -4297.359
           1400         130339      -5328.536
           1410         131168      -3283.449
           1420         131853      -5545.404
           1430         132734      -2549.689
           1440         133503      -2727.164
           1450         134208      -3965.873
           1460         134992      -4698.737
           1470         135850      -3621.947
           1480         136626      -3697.990
           1490         137539      -6166.432
           1500         138371      -4754.849
           1510         139336      -2946.500
           1520         140079      -4375.588
           1530         140860      -4001.669
           1540         141634      -2699.716
           1550         142371      -4150.359
           1560         143260      -2184.923
           1570         144106      -5261.611
           1580         144969      -5607.983
           1590         145800      -3298.804
           1600         146612      -4815.436
           1610         147439      -2235.458
           1620         148269      -1940.335
           1630         149155      -2357.487
           1640         149941      -4895.297
           1650         150769      -2457.439
           1660         151612      -3994.642
           1670         152262      -2016.592
           1680         153089      -3326.097
           1690         153805      -2082.010
           1700         154584      -2402.612
           1710         155432      -2282.260
           1720         156212      -3392.680
           1730         156980      -2480.855
           1740         157736      -4840.483
           1750         158408      -2971.704
           1760         159098      -3199.872
           1770         159911      -2776.952
           1780         160620      -4666.906
           1790         161366      -5234.916
           1800         162159      -3653.590
           1810         162902      -2159.193
           1820         163694      -4951.567
           1830         164541      -2698.935
           1840         165282      -3287.736
           1850         166055      -2659.878
           1860         166818      -2337.112
           1870         167619      -3706.970
           1880         168556      -2466.968
           1890         169317      -2783.091
           1900         170120      -4934.802
           1910         170927      -6003.056
           1920         171717      -4597.916
           1930         172615      -5641.881
           1940         173445      -5860.300
           1950         174298      -2156.100
           1960         175105      -2907.884
           1970         175901      -2181.523
           1980         176690      -2643.857
           1990         177505      -2867.058
           2000         178411      -2956.664
           2010         179256      -2034.958
           2020         180065      -1879.636
           2030         180997      -5757.467
           2040         181997      -1810.625
           2050         182965      -1750.747
           2060         183799      -1201.571
           2070         184736      -1283.892
           2080         185723      -1120.034
           2090         186599      -1898.137
           2100         187470      -2814.721
           2110         188259      -1801.131
           2120         189092      -2693.855
           2130         189902      -2235.453
           2140         190874      -1882.848
           2150         191796      -2131.357
           2160         192499      -2426.021
           2170         193361      -1754.466
           2180         194186      -1669.974
           2190         195011      -2699.313
           2200         195922      -2969.145
           2210         196778      -1895.416
           2220         197702      -1753.363
           2230         198508      -5868.646
           2240         199255      -2190.892
           2250         200161      -2257.083
           2260         201076      -1090.323
           2270         201961      -1118.403
           2280         202779      -2466.233
           2290         203614      -1244.028
           2300         204390      -1225.505
           2310         205270      -1129.108
           2320         205974      -2700.951
           2330         206779      -1468.184
           2340         207424      -1378.832
           2350         208122      -1190.164
           2360         208834      -1289.249
           2370         209710      -3196.946
           2380         210600      -2250.704
           2390         211483      -1105.688
           2400         212427      -1072.388
           2410         213427      -1072.388
           2420         214427      -1072.388
           2430         215388      -1072.388
           2440         216301      -1072.388
           2450         217262      -1072.388
           2460         218262      -1072.388
           2470         219237      -1072.388
           2480         220237      -1072.388
           2490         221093      -1129.051
           2500         222093      -1072.388
           2510         223050      -1118.056
           2520         223988      -1118.056
           2530         224884      -1062.621
           2540         225844      -1062.621
           2550         226828      -1062.621
           2560         227766      -1062.621
           2570         228703      -1062.621
           2580         229703      -1062.621
           2590         230703      -1101.208
           2600         231703      -1090.323
           2610         232695      -1090.323
           2620         233594      -1109.092
           2630         234428      -1090.323
           2640         235428      -1090.323
           2650         236407      -1062.621
           2660         237407      -1062.621
           2670         238407      -1062.621
           2680         239351      -1062.621
           2690         240318      -1090.323
           2700         241249      -1090.323
           2710         242189      -1090.323
           2720         243189      -1090.323
           2730         244091      -1090.323
           2740         245091      -1090.323
           2750         246056      -1090.323
           2760         247056      -1090.323
           2770         248056      -1143.241
           2780         249056      -1143.241
           2790         250046      -1143.241
           2800         250980      -1160.853
           2810         251973      -1160.853
           2820         252953      -1097.142
           2830         253953      -1097.142
           2840         254891      -1097.142
           2850         255858      -1097.142
           2860         256851      -1143.267
           2870         257785      -1097.142
           2880         258740      -1097.142
           2890         259678      -1097.142
           2900         260678      -1097.142
           2910         261613      -1097.142
           2920         262562      -1097.142
           2930         263498      -1097.142
           2940         264498      -1062.621
           2950         265390      -1062.621
           2960         266326      -1062.621
           2970         267326      -1109.622
           2980         268326      -1062.621
           2990         269258      -1101.641
           3000         270181      -1109.622
           3010         271181      -1153.275
           3020         272181      -1062.621
           3030         273138      -1062.621
           3040         274113      -1062.621
           3050         275113      -1062.621
           3060         276113      -1062.621
           3070         277074      -1062.621
           3080         278074      -1097.142
           3090         279074      -1097.142
           3100         280074      -1097.142
           3110         281074      -1097.142
           3120         282011      -1097.142
           3130         283011      -1097.142
           3140         284011      -1097.142
           3150         285011      -1097.142
           3160         285964      -1097.142
           3170         286964      -1097.142
           3180         287937      -1097.142
           3190         288875      -1097.142
           3200         289875      -1097.142
           3210         290875      -1097.142
           3220         291875      -1097.142
           3230         292875      -1097.142
           3240         293875      -1097.142
           3250         294875      -1097.142
           3260         295875      -1097.142
           3270         296836      -1097.142
           3280         297836      -1097.142
           3290         298836      -1062.621
           3300         299836      -1062.621
           3310         300836      -1062.621
           3320         301836      -1062.621
           3330         302802      -1062.621
           3340         303802      -1092.175
           3350         304802      -1101.641
           3360         305802      -1109.622
           3370         306802      -1062.621
           3380         307802      -1062.621
           3390         308802      -1062.621
           3400         309802      -1062.621
           3410         310802      -1062.621
           3420         311782      -1062.621
           3430         312782      -1062.621
           3440         313782      -1062.621
           3450         314782      -1062.621
           3460         315737      -1062.621
           3470         316737      -1062.621
           3480         317737      -1062.621
           3490         318674      -1062.621
           3500         319674      -1062.621
           3510         320609      -1062.621
           3520         321570      -1062.378
           3530         322570      -1062.378
           3540         323570      -1062.378
           3550         324570      -1062.378
           3560         325570      -1062.621
           3570         326570      -1062.621
           3580         327465      -1062.621
           3590         328465      -1062.621
           3600         329404      -1097.142
           3610         330404      -1097.142
           3620         331404      -1097.142
           3630         332404      -1097.142
           3640         333404      -1097.142
           3650         334343      -1062.621
           3660         335343      -1062.621
           3670         336343      -1062.621
           3680         337343      -1063.370
           3690         338343      -1062.621
           3700         339343      -1062.621
           3710         340343      -1090.323
           3720         341343      -1062.621
           3730         342343      -1062.621
           3740         343343      -1062.621
           3750         344343      -1062.621
           3760         345282      -1102.124
           3770         346282      -1062.621
           3780         347282      -1062.621
           3790         348282      -1062.621
           3800         349165      -1062.621
           3810         350165      -1062.621
           3820         351105      -1062.621
           3830         352105      -1062.621
           3840         352980      -1062.621
           3850         353938      -1097.142
           3860         354938      -1097.142
           3870         355938      -1097.142
           3880         356938      -1097.142
           3890         357938      -1097.142
           3900         358938      -1097.142
           3910         359872      -1097.142
           3920         360872      -1097.142
           3930         361872      -1097.142
           3940         362872      -1097.142
           3950         363872      -1097.142
           3960         364872      -1082.359
           3970         365872      -1167.039
           3980         366872      -1167.039
           3990         367872      -1183.268
           4000         368872      -1127.846
           4010         369872      -1127.846
           4020         370872      -1102.356
           4030         371872      -1082.359
           4040         372872      -1082.359
           4050         373812      -1082.359
           4060         374812      -1082.359
           4070         375812      -1082.359
           4080         376750      -1082.359
           4090         377687      -1082.359
           4100         378687      -1082.359
           4110         379687      -1082.359
           4120         380687      -1082.359
           4130         381687      -1082.359
           4140         382687      -1082.359
           4150         383644      -1082.359
           4160         384644      -1082.359
           4170         385644      -1082.359
           4180         386644      -1082.359
           4190         387644      -1082.359
           4200         388578      -4421.316
           4210         389578      -1082.359
           4220         390578      -1082.359
           4230         391578      -1082.359
           4240         392511      -1082.359
           4250         393486      -1082.359
           4260         394486      -1082.359
           4270         395486      -1082.359
           4280         396486      -1082.359
           4290         397486      -1082.359
           4300         398486      -1082.359
           4310         399486      -1082.359
           4320         400486      -1082.359
           4330         401486      -3213.728
           4340         402424      -1082.359
           4350         403424      -1082.359
           4360         404424      -1082.359
           4370         405355      -1082.359
           4380         406355      -1082.359
           4390         407355      -1082.359
           4400         408355      -1082.359
           4410         409355      -1082.359
           4420         410355      -1082.359
           4430         411355      -1082.359
           4440         412355      -1082.359
           4450         413355      -1082.359
           4460         414355      -1082.359
           4470         415355      -1082.359
           4480         416355      -1082.359
           4490         417355      -1082.359
           4500         418291      -1082.359
           4510         419291      -1082.359
           4520         420291      -1082.359
           4530         421252      -1082.359
           4540         422252      -1082.359
           4550         423252      -1082.359
           4560         424252      -1082.359
           4570         425252      -1082.359
           4580         426252      -1082.359
           4590         427252      -1082.359
           4600         428252      -1082.359
           4610         429252      -1082.359
           4620         430252      -1082.359
           4630         431252      -1082.359
           4640         432252      -1082.359
           4650         433252      -1082.359
           4660         434252      -1082.359
           4670         435252      -1082.359
           4680         436252      -1082.359
           4690         437252      -1082.359
           4700         438252      -1082.359
           4710         439252      -1082.359
           4720         440252      -1082.359
           4730         441252      -1127.846
           4740         442252      -1082.359
           4750         443252      -1082.359
           4760         444252      -1082.359
           4770         445252      -1082.359
           4780         446252      -1082.359
           4790         447252      -1082.359
           4800         448252      -1082.359
           4810         449252      -1082.359
           4820         450252      -1082.359
           4830         451252      -1082.359
           4840         452252      -1167.039
           4850         453252      -1082.359
           4860         454252      -1082.359
           4870         455252      -1101.018
           4880         456252      -1101.018
           4890         457252      -1101.018
           4900         458252      -1101.018
           4910         459252      -1082.359
           4920         460161      -1082.359
           4930         461161      -1082.359
           4940         462161      -1082.359
           4950         463161      -1082.359
           4960         464161      -1082.359
           4970         465161      -1082.359
           4980         466161      -1082.359
           4990         467161      -1082.359
           5000         468161      -1082.359
           5010         469161      -1082.359
           5020         470161      -1082.359
           5030         471113      -1082.359
           5040         472113      -1082.359
           5050         473113      -1082.359
           5060         474113      -1140.419
           5070         475113      -1140.419
           5080         476113      -1082.359
           5090         477113      -1082.359
           5100         478113      -1082.359
           5110         479113      -1082.359
           5120         480113      -1082.359
           5130         481113      -1082.359
           5140         482113      -1082.359
           5150         483113      -1082.359
           5160         484113      -1082.359
           5170         485113      -1082.359
           5180         486113      -1082.359
           5190         487113      -1082.359
           5200         488113      -1082.359
           5210         489113      -1082.359
           5220         490113      -1082.359
           5230         491113      -1082.359
           5240         492113      -1082.359
           5250         493113      -1082.359
           5260         494113      -1082.359
           5270         495113      -1082.359
           5280         496113      -1082.359
           5290         497113      -1082.359
           5300         498113      -1082.359
           5310         499113      -1082.359
