             10            947      -5528.536
             20           1824      -3265.035
             30           2722      -4303.124
             40           3589      -5052.745
             50           4529      -5567.056
             60           5456      -6083.421
             70           6380      -5021.593
             80           7370      -5900.235
             90           8289      -5983.495
            100           9169      -5429.853
            110          10056      -4303.039
            120          11056      -4934.802
            130          11957      -5180.581
            140          12924      -5829.659
            150          13912      -5235.292
            160          14808      -5841.205
            170          15783      -5716.982
            180          16751      -6360.108
            190          17609      -6176.517
            200          18550      -5475.154
            210          19521      -6234.934
            220          20474      -6055.264
            230          21457      -6271.209
            240          22457      -5260.527
            250          23346      -5513.765
            260          24317      -5540.329
            270          25317      -6351.256
            280          26284      -6738.523
            290          27242      -6130.940
            300          28211      -6373.782
            310          29211      -5806.736
            320          30199      -6544.218
            330          31199      -6989.286
            340          32150      -6727.391
            350          33064      -7193.458
            360          34050      -7286.664
            370          34990      -5850.481
            380          35990      -6973.231
            390          36931      -5234.254
            400          37891      -4934.802
            410          38891      -5579.569
            420          39891      -6970.927
            430          40828      -7097.031
            440          41812      -6695.523
            450          42719      -5485.294
            460          43719      -5827.743
            470          44719      -7928.686
            480          45640      -5324.588
            490          46567      -6319.834
            500          47526      -6093.693
            510          48514      -5892.396
            520          49483      -7234.891
            530          50434      -5374.650
            540          51404      -4934.802
            550          52404      -6932.638
            560          53370      -5751.096
            570          54370      -7656.326
            580          55293      -6735.392
            590          56236      -7574.268
            600          57236      -6482.463
            610          58236      -6651.301
            620          59165      -7120.248
            630          60155      -7567.549
            640          61126      -7219.947
            650          62048      -5696.789
            660          63048      -5779.589
            670          64043      -5632.599
            680          65043      -8602.561
            690          65997      -6766.523
            700          66997      -6261.645
            710          67997      -5243.490
            720          68997      -5737.656
            730          69955      -6703.305
            740          70955      -7250.114
            750          71792      -7045.759
            760          72763      -5845.373
            770          73737      -5404.933
            780          74737      -6998.250
            790          75717      -3874.275
            800          76668      -6588.406
            810          77603      -8219.641
            820          78433      -5581.237
            830          79292      -6158.095
            840          80211      -6469.626
            850          81143      -6809.112
            860          82084      -5971.898
            870          83080      -6337.659
            880          83935      -5260.411
            890          84799      -6593.698
            900          85679      -3521.714
            910          86659      -5823.398
            920          87462      -4934.802
            930          88427      -5959.579
            940          89427      -5883.280
            950          90405      -5616.879
            960          91345      -5775.485
            970          92203      -7291.547
            980          93167      -6563.895
            990          94072      -5935.509
           1000          94991      -6671.389
           1010          95907      -6093.306
           1020          96786      -6342.573
           1030          97741      -6094.164
           1040          98741      -5439.812
           1050          99671      -2633.080
           1060         100427      -4312.496
           1070         101246      -5026.696
           1080         102128      -6168.694
           1090         103047      -3504.950
           1100         103984      -3902.336
           1110         104915      -4814.279
           1120         105861      -5016.948
           1130         106831      -2489.705
           1140         107689      -4782.509
           1150         108391      -6263.964
           1160         109182      -5777.569
           1170         110083      -6398.104
           1180         110941      -6226.388
           1190         111827      -6621.838
           1200         112714      -4360.291
           1210         113591      -5973.661
           1220         114423      -5903.765
           1230         115256      -5597.621
           1240         116022      -5851.734
           1250         116851      -5316.826
           1260         117637      -4511.259
           1270         118504      -5211.110
           1280         119414      -5099.439
           1290         120312      -1901.903
           1300         121249      -3137.563
           1310         122114      -4678.305
           1320         122846      -3573.852
           1330         123593      -6028.486
           1340         124422      -3835.390
           1350         125337      -4386.819
           1360         126264      -3996.541
           1370         127162      -5675.053
           1380         127886      -4361.806
           1390         128623      -6297.158
           1400         129437      -6017.225
           1410         130221      -4934.802
           1420         131075      -7947.336
           1430         131890      -2016.552
           1440         132651      -5306.287
           1450         133478      -5444.008
           1460         134238      -2350.073
           1470         135150      -4338.285
           1480         135896      -5510.549
           1490         136713      -5315.530
           1500         137480      -5457.669
           1510         138235      -5544.889
           1520         139123      -4676.841
           1530         139973      -3362.093
           1540         140734      -4435.926
           1550         141520      -4325.797
           1560         142297      -5504.452
           1570         143090      -6858.420
           1580         143802      -5874.194
           1590         144633      -2144.753
           1600         145427      -1944.560
           1610         146194      -4470.165
           1620         146998      -4995.863
           1630         147797      -3248.125
           1640         148712      -5498.434
           1650         149501      -6294.579
           1660         150382      -5967.551
           1670         151229      -6276.102
           1680         151949      -4934.802
           1690         152709      -5886.407
           1700         153599      -6595.915
           1710         154337      -3630.967
           1720         155164      -6143.360
           1730         155890      -2385.120
           1740         156643      -3682.252
           1750         157242      -2314.617
           1760         157960      -2780.608
           1770         158804      -2459.413
           1780         159678      -2070.062
           1790         160343      -3671.311
           1800         161013      -5262.640
           1810         161688      -1841.263
           1820         162549      -2080.270
           1830         163414      -5062.139
           1840         164177      -3627.360
           1850         164957      -2360.183
           1860         165622      -2776.805
           1870         166370      -3071.959
           1880         167045      -5384.315
           1890         167853      -2062.826
           1900         168574      -3181.034
           1910         169396      -3615.093
           1920         170186      -4705.684
           1930         171091      -3264.547
           1940         171849      -1807.427
           1950         172563      -2099.441
           1960         173238      -3184.126
           1970         174003      -3335.818
           1980         174857      -3215.910
           1990         175580      -3195.846
           2000         176388      -1749.777
           2010         177163      -2015.519
           2020         177799      -3306.374
           2030         178662      -3615.885
           2040         179378      -3565.731
           2050         180087      -2003.792
           2060         180820      -4934.802
           2070         181502      -3221.005
           2080         182306      -3855.696
           2090         183091      -2413.543
           2100         183851      -1519.162
           2110         184595      -4492.422
           2120         185352      -7157.856
           2130         186172      -3765.370
           2140         187097      -2034.133
           2150         187887      -2082.929
           2160         188630      -1653.557
           2170         189461      -3168.994
           2180         190115      -3376.793
           2190         191061      -1794.794
           2200         191915      -2390.615
           2210         192654      -4209.323
           2220         193562      -4384.921
           2230         194453      -1120.202
           2240         195370      -1120.202
           2250         196323      -1096.002
           2260         197315      -3972.601
           2270         198201      -1697.886
           2280         199151      -1935.732
           2290         200024      -1646.871
           2300         200856      -4934.276
           2310         201802      -1523.456
           2320         202689      -1112.252
           2330         203611      -1104.099
           2340         204388      -1104.099
           2350         205300      -1104.099
           2360         206300      -1104.099
           2370         207193      -1104.099
           2380         208193      -1093.677
           2390         209061      -1151.503
           2400         209952      -1143.728
           2410         210881      -1104.099
           2420         211801      -1202.097
           2430         212798      -1131.221
           2440         213775      -1144.274
           2450         214671      -1084.562
           2460         215671      -1084.562
           2470         216671      -1084.562
           2480         217671      -1084.562
           2490         218647      -1084.562
           2500         219647      -1084.562
           2510         220599      -1084.562
           2520         221599      -1084.562
           2530         222599      -1084.562
           2540         223599      -1084.562
           2550         224574      -1084.562
           2560         225508      -1084.562
           2570         226508      -1084.562
           2580         227442      -1084.562
           2590         228442      -1084.562
           2600         229442      -1084.562
           2610         230406      -1084.562
           2620         231406      -1084.562
           2630         232406      -1084.562
           2640         233382      -1084.562
           2650         234299      -1084.562
           2660         235253      -1084.562
           2670         236188      -3088.174
           2680         237142      -1134.339
           2690         238083      -2697.318
           2700         238982      -1580.800
           2710         239929      -1219.882
           2720         240861      -2932.430
           2730         241861      -2932.430
           2740         242826      -2932.430
           2750         243826      -2932.430
           2760         244826      -3209.298
           2770         245813      -3209.298
           2780         246813      -3209.298
           2790         247813      -3209.298
           2800         248813      -3209.298
           2810         249813      -1010.512
           2820         250746      -1010.512
           2830         251676      -1010.512
           2840         252651      -1010.512
           2850         253584      -1010.512
           2860         254584      -1051.241
           2870         255584      -1010.512
           2880         256584      -1010.512
           2890         257584      -1010.512
           2900         258584      -1038.438
           2910         259491      -1100.313
           2920         260462      -1065.864
           2930         261383      -1093.497
           2940         262383      -1010.512
           2950         263285      -1010.512
           2960         264285      -1010.512
           2970         265222      -1078.506
           2980         266222      -1010.512
           2990         267086      -1010.512
           3000         268086      -1010.512
           3010         269086      -1010.512
           3020         270019      -1010.512
           3030         270994      -1010.512
           3040         271886      -1010.512
           3050         272886      -1010.512
           3060         273886      -1010.512
           3070         274886      -1010.512
           3080         275821      -1010.512
           3090         276821      -1010.512
           3100         277821      -1010.512
           3110         278821      -1010.512
           3120         279706      -1010.512
           3130         280638      -1038.768
           3140         281638      -1077.981
           3150         282626      -1076.084
           3160         283529      -1010.512
           3170         284430      -1087.948
           3180         285430      -1109.601
           3190         286398      -1086.934
           3200         287371      -1078.563
           3210         288287      -1076.084
           3220         289282      -1010.512
           3230         290282      -1010.512
           3240         291282      -1010.512
           3250         292282      -1010.512
           3260         293282      -1010.512
           3270         294282      -1038.438
           3280         295282      -1038.438
           3290         296282      -1038.438
           3300         297282      -2705.068
           3310         298116      -1066.458
           3320         299044      -1038.540
           3330         299973      -1038.540
           3340         300925      -1038.540
           3350         301925      -1038.540
           3360         302925      -1038.540
           3370         303925      -1038.540
           3380         304860      -1038.540
           3390         305860      -1038.540
           3400         306796      -1038.540
           3410         307796      -1038.540
           3420         308757      -1038.540
           3430         309691      -1038.540
           3440         310641      -1038.540
           3450         311641      -1038.540
           3460         312641      -1038.540
           3470         313641      -1047.859
           3480         314641      -1038.540
           3490         315641      -1038.540
           3500         316641      -1038.540
           3510         317570      -1038.540
           3520         318570      -1038.540
           3530         319530      -1038.540
           3540         320530      -1038.540
           3550         321530      -1038.540
           3560         322530      -1038.540
           3570         323374      -1038.540
           3580         324348      -1038.540
           3590         325348      -1038.540
           3600         326285      -1038.540
           3610         327236      -1038.540
           3620         328236      -1038.540
           3630         329236      -1038.540
           3640         330236      -1038.540
           3650         331144      -1029.820
           3660         332139      -1029.820
           3670         333139      -1029.820
           3680         334139      -1048.674
           3690         335139      -1048.674
           3700         336139      -1048.674
           3710         337139      -1029.820
           3720         338139      -1029.820
           3730         339139      -1029.820
           3740         340139      -1029.820
           3750         341139      -1029.820
           3760         342139      -1029.820
           3770         343139      -1029.820
           3780         344139      -1029.820
           3790         345139      -1029.820
           3800         346139      -1029.820
           3810         347139      -1029.820
           3820         348139      -1029.820
           3830         349068      -1029.820
           3840         350068      -1029.820
           3850         351000      -1029.820
           3860         351930      -1029.820
           3870         352930      -1029.820
           3880         353930      -1029.820
           3890         354891      -1029.820
           3900         355891      -1029.820
           3910         356891      -1029.820
           3920         357824      -1029.820
           3930         358692      -1029.820
           3940         359623      -1029.820
           3950         360591      -1029.820
           3960         361591      -1029.820
           3970         362591      -1029.820
           3980         363591      -1029.820
           3990         364573      -1029.820
           4000         365573      -1029.820
           4010         366573      -1029.820
           4020         367573      -1029.820
           4030         368573      -1029.820
           4040         369573      -1029.820
           4050         370475      -1029.820
           4060         371475      -1029.820
           4070         372422      -1048.674
           4080         373422      -1048.674
           4090         374422      -1067.676
           4100         375422      -1029.820
           4110         376422      -1029.820
           4120         377422      -1029.820
           4130         378422      -1029.820
           4140         379422      -1029.820
           4150         380422      -1029.820
           4160         381422      -1029.820
           4170         382422      -1029.820
           4180         383422      -1029.820
           4190         384422      -1029.820
           4200         385422      -1029.820
           4210         386422      -1029.820
           4220         387422      -1029.820
           4230         388359      -1029.820
           4240         389359      -1029.820
           4250         390293      -1029.820
           4260         391232      -1065.785
           4270         392164      -1086.235
           4280         393164      -1065.785
           4290         394164      -1065.785
           4300         395164      -1065.785
           4310         396164      -1065.785
           4320         397061      -1065.785
           4330         398061      -1084.605
           4340         399024      -1065.785
           4350         400024      -1065.785
           4360         401024      -1065.785
           4370         401962      -2490.827
           4380         402858      -1065.785
           4390         403858      -1065.785
           4400         404858      -1065.785
           4410         405858      -1065.785
           4420         406792      -1029.820
           4430         407792      -1029.820
           4440         408723      -1029.820
           4450         409723      -1048.674
           4460         410723      -1029.820
           4470         411723      -1029.820
           4480         412723      -1029.820
           4490         413723      -1029.820
           4500         414659      -1029.820
           4510         415659      -1029.820
           4520         416587      -1029.820
           4530         417587      -1029.820
           4540         418587      -1029.820
           4550         419587      -1048.674
           4560         420587      -1022.185
           4570         421587      -1022.185
           4580         422561      -1022.185
           4590         423535      -1048.674
           4600         424535      -1029.820
           4610         425535      -1029.820
           4620         426535      -1029.820
           4630         427498      -1029.820
           4640         428498      -1029.820
           4650         429498      -1029.820
           4660         430498      -1029.820
           4670         431498      -1029.820
           4680         432498      -1029.820
           4690         433438      -1029.820
           4700         434438      -1029.820
           4710         435438      -1029.820
           4720         436438      -1029.820
           4730         437438      -1029.820
           4740         438438      -1029.820
           4750         439438      -1029.820
           4760         440438      -1029.820
           4770         441438      -1029.820
           4780         442438      -1029.820
           4790         443438      -1029.820
           4800         444438      -1029.820
           4810         445438      -1029.820
           4820         446438      -1029.820
           4830         447438      -1029.820
           4840         448438      -1029.820
           4850         449438      -1029.820
           4860         450438      -1029.820
           4870         451370      -1029.820
           4880         452370      -1029.820
           4890         453323      -1029.820
           4900         454323      -1029.820
           4910         455323      -1029.820
           4920         456323      -1029.820
           4930         457323      -1029.820
           4940         458323      -1029.820
           4950         459323      -1029.820
           4960         460323      -1029.820
           4970         461323      -1029.820
           4980         462323      -1029.820
           4990         463323      -1029.820
           5000         464323      -1029.820
           5010         465323      -1029.820
           5020         466323      -1029.820
           5030         467323      -1029.820
           5040         468323      -1029.820
           5050         469323      -1029.820
           5060         470323      -1029.820
           5070         471323      -1029.820
           5080         472323      -1029.820
           5090         473323      -1029.820
           5100         474323      -1029.820
           5110         475323      -1029.820
           5120         476323      -1029.820
           5130         477323      -1029.820
           5140         478323      -1029.820
           5150         479323      -1029.820
           5160         480323      -1029.820
           5170         481323      -1029.820
           5180         482323      -1029.820
           5190         483323      -1029.820
           5200         484323      -1029.820
           5210         485323      -1029.820
           5220         486323      -1029.820
           5230         487278      -1029.820
           5240         488278      -1029.820
           5250         489278      -1029.820
           5260         490278      -1029.820
           5270         491278      -1029.820
           5280         492219      -1029.820
           5290         493219      -1029.820
           5300         494219      -1029.820
           5310         495219      -1029.820
           5320         496219      -1029.820
           5330         497219      -1029.820
           5340         498219      -1029.820
           5350         499219      -1029.820
