             10            350      -2694.569
             20            947      -1473.638
             30           1666      -4934.802
             40           2455      -4934.802
             50           3256      -4533.213
             60           4063      -5124.355
             70           4960      -3447.962
             80           5781      -5643.516
             90           6704      -4570.695
            100           7597      -5218.294
            110           8542      -5532.183
            120           9534      -5051.902
            130          10445      -4441.985
            140          11318      -4934.802
            150          12318      -5359.337
            160          13160      -5884.676
            170          14151      -6284.899
            180          15041      -5686.585
            190          16041      -4973.121
            200          17012      -6021.877
            210          17864      -5742.004
            220          18810      -5846.603
            230          19795      -2963.023
            240          20747      -6321.924
            250          21646      -5826.489
            260          22646      -6011.459
            270          23575      -5337.821
            280          24544      -5736.397
            290          25544      -4695.198
            300          26489      -6361.097
            310          27358      -5367.454
            320          28349      -5592.210
            330          29269      -6717.703
            340          30229      -5331.223
            350          31229      -6301.000
            360          32229      -5748.110
            370          33229      -7194.438
            380          34189      -6136.725
            390          35073      -5968.757
            400          36052      -4887.856
            410          37027      -5472.151
            420          37918      -7569.326
            430          38918      -5588.092
            440          39906      -5967.645
            450          40831      -5819.619
            460          41654      -5477.327
            470          42634      -6001.730
            480          43540      -4517.321
            490          44372      -5831.152
            500          45295      -4371.355
            510          46227      -5849.978
            520          47108      -7521.544
            530          47978      -4037.219
            540          48887      -6545.934
            550          49781      -2471.580
            560          50710      -5074.829
            570          51710      -5779.273
            580          52671      -2377.866
            590          53643      -5968.669
            600          54378     -10649.055
            610          55205      -5484.582
            620          56187       -983.056
            630          57098       -852.896
            640          57765      -6252.806
            650          58562      -2790.832
            660          59520      -6053.749
            670          60282      -4600.084
            680          61015       -986.480
            690          61569      -4003.736
            700          62429      -2212.002
            710          63202      -4138.432
            720          63849      -4647.184
            730          64435      -3485.026
            740          65119      -3667.792
            750          65778      -4738.549
            760          66626      -2560.460
            770          67492      -5170.746
            780          68148       -850.903
            790          69020      -3073.678
            800          69616       -885.506
            810          70178      -2543.619
            820          70806      -4072.708
            830          71638      -2833.864
            840          72396      -6228.406
            850          73015      -2677.167
            860          73706      -6936.607
            870          74410       -900.416
            880          75019      -4401.246
            890          75547      -2073.808
            900          76061      -2354.476
            910          76729      -5784.895
            920          77483      -5050.511
            930          78206       -709.290
            940          78882       -860.144
            950          79363      -4496.381
            960          80095      -4297.713
            970          80772       -943.491
            980          81329      -2377.016
            990          82084       -898.515
           1000          82890      -3023.389
           1010          83532      -5229.005
           1020          84285      -2483.826
           1030          84896       -899.287
           1040          85463       -849.373
           1050          86029      -2423.869
           1060          86856      -2968.169
           1070          87508       -920.389
           1080          88161      -4205.424
           1090          88778       -872.306
           1100          89363      -1323.674
           1110          90074       -892.453
           1120          90702       -924.874
           1130          91362       -919.194
           1140          91911       -976.062
           1150          92585      -5101.612
           1160          93221      -5289.777
           1170          94035      -4667.486
           1180          94697       -895.935
           1190          95314       -982.628
           1200          95938       -922.523
           1210          96695       -895.531
           1220          97236      -5200.826
           1230          97909      -4011.684
           1240          98486      -2106.095
           1250          99251       -946.102
           1260          99888       -914.854
           1270         100410      -2415.794
           1280         101078      -5198.277
           1290         101723       -954.824
           1300         102157       -638.843
           1310         102920      -2126.574
           1320         103469      -4623.986
           1330         104226      -2501.356
           1340         104839       -848.339
           1350         105347      -3308.163
           1360         106135       -942.902
           1370         106856       -641.998
           1380         107670      -4358.989
           1390         108242       -842.287
           1400         109005       -569.082
           1410         109646       -883.304
           1420         110359       -546.929
           1430         111137       -546.929
           1440         111841       -547.123
           1450         112646       -595.207
           1460         113529       -595.139
           1470         114357      -2253.686
           1480         115224       -546.929
           1490         116043       -546.929
           1500         116917       -546.929
           1510         117669       -546.929
           1520         118543       -546.929
           1530         119516       -546.929
           1540         120479       -546.929
           1550         121363       -547.123
           1560         122326       -546.929
           1570         123317       -546.929
           1580         124276       -565.791
           1590         125220       -565.791
           1600         126220       -565.791
           1610         127128       -577.180
           1620         128065       -557.458
           1630         128949       -547.123
           1640         129909       -615.799
           1650         130855       -546.929
           1660         131739       -546.929
           1670         132544       -546.929
           1680         133488       -546.929
           1690         134465       -546.929
           1700         135336       -546.929
           1710         136216       -546.929
           1720         137019       -549.233
           1730         137942       -595.207
           1740         138860       -583.172
           1750         139712       -583.172
           1760         140572      -1988.003
           1770         141503       -587.507
           1780         142450       -615.097
           1790         143388       -643.661
           1800         144290       -918.179
           1810         145027       -565.627
           1820         145947       -567.052
           1830         146810       -570.047
           1840         147758       -570.047
           1850         148745       -556.033
           1860         149560       -556.033
           1870         150461       -570.047
           1880         151356       -566.111
           1890         152255       -566.111
           1900         153128       -557.407
           1910         154128       -557.407
           1920         155031       -577.246
           1930         155974       -563.964
           1940         156974       -586.294
           1950         157936       -988.046
           1960         158784       -557.999
           1970         159755       -557.999
           1980         160677       -557.999
           1990         161631       -557.999
           2000         162576       -557.999
           2010         163576       -557.999
           2020         164500       -611.650
           2030         165437       -610.353
           2040         166437       -577.246
           2050         167383       -577.246
           2060         168381       -577.246
           2070         169233       -577.246
           2080         170233       -577.246
           2090         171233       -577.246
           2100         172227       -577.246
           2110         173147       -577.246
           2120         174147       -577.246
           2130         175147       -577.246
           2140         176101       -547.620
           2150         177097       -547.620
           2160         178045       -575.872
           2170         179045       -599.541
           2180         180029       -547.620
           2190         181029       -547.620
           2200         182029       -547.620
           2210         182967       -547.620
           2220         183967       -547.620
           2230         184967       -547.620
           2240         185967       -547.620
           2250         186967       -547.620
           2260         187967       -547.620
           2270         188898       -547.620
           2280         189852       -547.620
           2290         190852       -547.620
           2300         191852       -547.620
           2310         192852       -547.620
           2320         193787       -547.620
           2330         194742       -547.620
           2340         195742       -547.620
           2350         196610       -547.620
           2360         197490       -547.620
           2370         198371       -553.793
           2380         199335       -547.620
           2390         200306       -547.620
           2400         201277       -547.620
           2410         202277       -547.620
           2420         203277       -558.655
           2430         204277       -558.655
           2440         205277       -547.620
           2450         206277       -559.841
           2460         207202       -547.620
           2470         208080       -547.620
           2480         209080       -546.929
           2490         210080       -546.929
           2500         211052       -546.929
           2510         211944       -546.929
           2520         212851       -546.929
           2530         213804       -546.929
           2540         214797       -546.929
           2550         215772       -546.929
           2560         216772       -546.929
           2570         217747       -546.929
           2580         218689       -546.929
           2590         219689       -546.929
           2600         220613       -546.929
           2610         221613       -553.793
           2620         222613       -553.793
           2630         223613       -583.172
           2640         224613       -565.791
           2650         225613       -565.791
           2660         226590       -565.791
           2670         227590       -584.434
           2680         228590       -627.870
           2690         229590       -626.084
           2700         230590       -565.791
           2710         231590       -565.791
           2720         232590       -565.791
           2730         233590       -584.434
           2740         234533       -584.434
           2750         235498       -566.951
           2760         236498       -559.841
           2770         237479       -546.929
           2780         238479       -546.929
           2790         239479       -546.929
           2800         240479       -546.929
           2810         241462       -574.023
           2820         242462       -569.082
           2830         243462       -569.082
           2840         244420       -594.345
           2850         245420       -615.652
           2860         246391       -614.283
           2870         247391       -602.627
           2880         248391       -602.627
           2890         249391       -602.627
           2900         250391       -740.780
           2910         251373       -602.627
           2920         252373       -567.494
           2930         253373       -594.366
           2940         254373       -567.494
           2950         255373       -567.494
           2960         256315       -567.494
           2970         257315       -567.494
           2980         258275       -567.494
           2990         259275       -597.814
           3000         260275       -597.814
           3010         261275       -597.814
           3020         262275       -624.970
           3030         263275       -617.886
           3040         264251       -617.886
           3050         265202       -617.886
           3060         266202       -597.814
           3070         267202       -599.575
           3080         268156       -642.172
           3090         269011       -597.814
           3100         270011       -626.566
           3110         271011       -633.626
           3120         271944       -597.814
           3130         272944       -567.617
           3140         273863       -567.617
           3150         274863       -567.617
           3160         275863       -567.617
           3170         276863       -567.617
           3180         277863       -567.617
           3190         278863       -567.617
           3200         279863       -601.476
           3210         280863       -567.617
           3220         281840       -567.617
           3230         282840       -567.617
           3240         283694       -601.476
           3250         284629       -567.617
           3260         285629       -567.617
           3270         286629       -567.617
           3280         287629       -567.617
           3290         288554       -567.617
           3300         289554       -567.617
           3310         290554       -567.617
           3320         291554       -567.617
           3330         292554       -567.617
           3340         293554       -567.617
           3350         294485       -567.617
           3360         295485       -567.617
           3370         296485       -567.617
           3380         297485       -567.617
           3390         298485       -567.617
           3400         299485       -601.476
           3410         300485       -567.617
           3420         301485       -567.617
           3430         302485       -578.702
           3440         303485       -578.702
           3450         304485       -578.702
           3460         305485       -578.702
           3470         306485       -578.702
           3480         307485       -578.702
           3490         308485       -578.702
           3500         309428       -567.617
           3510         310428       -567.617
           3520         311428       -567.617
           3530         312428       -567.617
           3540         313428       -567.617
           3550         314428       -567.617
           3560         315428       -567.617
           3570         316428       -567.617
           3580         317428       -567.617
           3590         318428       -567.617
           3600         319425       -557.201
           3610         320425       -557.201
           3620         321425       -567.617
           3630         322354       -567.617
           3640         323354       -567.617
           3650         324354       -567.617
           3660         325354       -567.617
           3670         326354       -567.617
           3680         327354       -567.617
           3690         328354       -567.617
           3700         329354       -567.617
           3710         330354       -567.617
           3720         331354       -567.617
           3730         332354       -567.617
           3740         333354       -567.617
           3750         334354       -567.617
           3760         335354       -567.617
           3770         336354       -567.617
           3780         337354       -567.617
           3790         338354       -567.617
           3800         339354       -567.617
           3810         340354       -567.617
           3820         341354       -567.617
           3830         342354       -567.617
           3840         343354       -567.617
           3850         344354       -567.617
           3860         345354       -601.476
           3870         346354       -567.617
           3880         347354       -567.617
           3890         348354       -567.617
           3900         349283       -567.617
           3910         350252       -567.617
           3920         351252       -567.617
           3930         352252       -601.476
           3940         353252       -567.617
           3950         354252       -567.617
           3960         355252       -567.617
           3970         356252       -567.617
           3980         357252       -601.476
           3990         358252       -567.617
           4000         359181       -567.617
           4010         360181       -567.617
           4020         361181       -567.617
           4030         362181       -567.617
           4040         363181       -567.617
           4050         364181       -567.617
           4060         365181       -557.201
           4070         366181       -607.564
           4080         367181       -607.564
           4090         368181       -642.172
           4100         369181       -666.404
           4110         370181       -606.381
           4120         371181       -898.215
           4130         372181       -606.381
           4140         373181       -603.808
           4150         374181       -605.022
           4160         375181       -624.462
           4170         376107       -603.883
           4180         377107       -624.462
           4190         378107       -624.462
           4200         379107       -624.462
           4210         380107       -624.462
           4220         381107       -624.462
           4230         382107       -606.381
           4240         383107       -606.381
           4250         384107       -606.381
           4260         385107       -606.381
           4270         386107       -606.381
           4280         387107       -615.643
           4290         388029       -606.381
           4300         389014       -636.988
           4310         390014       -636.988
           4320         391014       -636.988
           4330         392014       -636.988
           4340         393014       -636.988
           4350         394014       -636.988
           4360         395014       -636.988
           4370         396014       -670.632
           4380         397014       -636.988
           4390         398014       -636.988
           4400         399014       -606.381
           4410         400014       -606.381
           4420         401014       -606.381
           4430         402014       -597.814
           4440         403014       -597.814
           4450         404014       -597.814
           4460         405014       -597.814
           4470         406014       -597.814
           4480         407014       -597.814
           4490         408014       -567.617
           4500         409014       -567.617
           4510         410014       -567.617
           4520         411014       -567.617
           4530         412014       -567.617
           4540         413014       -567.617
           4550         414014       -601.476
           4560         415014       -567.617
           4570         416014       -567.617
           4580         417014       -567.617
           4590         418014       -567.617
           4600         419014       -567.617
           4610         420014       -567.617
           4620         421014       -567.617
           4630         422014       -567.617
           4640         423014       -567.617
           4650         423937       -567.617
           4660         424937       -567.617
           4670         425937       -567.617
           4680         426861       -567.617
           4690         427861       -567.617
           4700         428861       -567.617
           4710         429861       -601.476
           4720         430861       -567.617
           4730         431861       -567.617
           4740         432861       -596.029
           4750         433861       -567.617
           4760         434861       -567.617
           4770         435861       -567.617
           4780         436861       -567.617
           4790         437861       -567.617
           4800         438861       -567.617
           4810         439861       -567.617
           4820         440861       -567.617
           4830         441861       -567.617
           4840         442861       -567.617
           4850         443843       -567.617
           4860         444843       -567.617
           4870         445843       -567.617
           4880         446843       -567.617
           4890         447843       -567.617
           4900         448843       -567.617
           4910         449843       -567.617
           4920         450843       -567.617
           4930         451843       -567.617
           4940         452843       -567.617
           4950         453843       -567.617
           4960         454843       -567.617
           4970         455843       -567.617
           4980         456843       -567.617
           4990         457843       -567.617
           5000         458843       -567.617
           5010         459843       -567.617
           5020         460843       -567.617
           5030         461843       -567.617
           5040         462843       -567.617
           5050         463843       -567.617
           5060         464843       -567.617
           5070         465843       -567.617
           5080         466843       -567.617
           5090         467843       -567.617
           5100         468843       -567.617
           5110         469843       -567.617
           5120         470843       -567.617
           5130         471843       -567.617
           5140         472843       -567.617
           5150         473843       -567.617
           5160         474843       -567.617
           5170         475843       -567.617
           5180         476843       -567.617
           5190         477843       -567.617
           5200         478843       -567.617
           5210         479843       -567.617
           5220         480791       -567.617
           5230         481791       -567.617
           5240         482791       -567.617
           5250         483791       -567.617
           5260         484791       -567.617
           5270         485791       -567.617
           5280         486791       -567.617
           5290         487791       -567.617
           5300         488791       -567.617
           5310         489791       -567.617
           5320         490791       -567.617
           5330         491791       -567.617
           5340         492791       -567.617
           5350         493791       -567.617
           5360         494791       -567.617
           5370         495791       -567.617
           5380         496791       -567.617
           5390         497791       -567.617
           5400         498791       -567.617
           5410         499791       -567.617
