             10            214      -1191.660
             20            497      -1553.018
             30            885      -1367.958
             40           1481      -5134.167
             50           2179      -4853.899
             60           2949      -4947.052
             70           3603      -5958.611
             80           4446      -4167.733
             90           5163      -4091.764
            100           5903      -5233.417
            110           6690      -4934.802
            120           7603      -6248.917
            130           8376      -3148.480
            140           9247      -6072.881
            150          10190      -4319.998
            160          10976      -5221.745
            170          11848      -5921.288
            180          12726      -4068.187
            190          13605      -7365.949
            200          14436      -6284.132
            210          15377      -3585.754
            220          16270      -5633.812
            230          17144      -4591.536
            240          17953      -5671.086
            250          18713      -5234.213
            260          19677      -4146.363
            270          20646      -1009.276
            280          21472      -4645.228
            290          22377      -5730.702
            300          23162      -4886.788
            310          24144      -4739.967
            320          25076      -5939.795
            330          25966      -6434.412
            340          26808      -6218.280
            350          27633      -6083.780
            360          28487      -3581.791
            370          29213      -6984.962
            380          29863      -5390.484
            390          30699      -6010.027
            400          31516      -3689.720
            410          32083      -3153.139
            420          32748      -5464.917
            430          33607      -5042.270
            440          34425      -7295.816
            450          35268      -2316.820
            460          35948      -3924.458
            470          36639      -6795.735
            480          37406      -3667.140
            490          38002      -2848.542
            500          38645      -4253.719
            510          39226      -2423.583
            520          39967       -874.501
            530          40657      -2191.227
            540          41548      -3211.148
            550          42159      -2706.796
            560          42682      -4099.713
            570          43200      -2215.769
            580          43785       -929.046
            590          44521      -6642.071
            600          45260       -835.079
            610          45785      -3073.200
            620          46369      -4067.817
            630          46912       -907.080
            640          47530      -5487.388
            650          48269       -997.158
            660          48679       -879.376
            670          49442       -908.293
            680          50135      -3088.124
            690          50626      -2575.866
            700          51256       -872.127
            710          51697      -6402.489
            720          52296      -3736.086
            730          52780       -930.953
            740          53334      -1117.643
            750          53905      -2468.612
            760          54577      -2381.528
            770          55229      -2986.506
            780          55846       -865.561
            790          56470       -873.799
            800          57144       -925.885
            810          57758       -876.921
            820          58321       -732.235
            830          58904       -908.038
            840          59498      -1986.635
            850          60109      -1974.026
            860          60600       -928.939
            870          61191      -2207.634
            880          61796       -896.130
            890          62380       -996.240
            900          62757      -2214.361
            910          63246      -2947.708
            920          63907       -892.792
            930          64384      -1195.175
            940          64885      -3038.382
            950          65472      -3165.201
            960          66108      -2209.759
            970          66712       -725.399
            980          67332      -4686.270
            990          68009      -1973.830
           1000          68631      -2348.802
           1010          69276      -1400.281
           1020          69770      -1085.144
           1030          70405       -846.569
           1040          70944       -869.285
           1050          71453       -914.588
           1060          71992       -910.261
           1070          72578       -839.416
           1080          73143       -597.369
           1090          73862       -890.484
           1100          74500       -852.617
           1110          75211       -952.097
           1120          75705      -1836.646
           1130          76406       -731.402
           1140          77051       -918.308
           1150          77608      -3303.833
           1160          78305       -718.318
           1170          78824      -1107.255
           1180          79446      -2045.388
           1190          80130       -877.155
           1200          80671      -4153.287
           1210          81390      -2067.442
           1220          82020      -2098.361
           1230          82745      -1934.352
           1240          83466       -553.169
           1250          84375      -2277.695
           1260          85189       -519.283
           1270          85885       -536.317
           1280          86681       -587.282
           1290          87321      -3497.455
           1300          87958       -640.781
           1310          88766       -551.296
           1320          89679      -2248.530
           1330          90527       -491.927
           1340          91320       -491.927
           1350          92054       -546.640
           1360          92939       -538.027
           1370          93687       -477.817
           1380          94687       -477.817
           1390          95464      -5229.466
           1400          96202       -756.439
           1410          97169       -510.667
           1420          98076       -474.327
           1430          99032      -2620.495
           1440          99862       -554.743
           1450         100781      -3200.798
           1460         101648      -3200.798
           1470         102445       -503.280
           1480         103383       -497.091
           1490         104290       -487.448
           1500         105220       -457.066
           1510         106146       -457.066
           1520         107003       -457.066
           1530         107905       -474.327
           1540         108865       -474.327
           1550         109861       -474.327
           1560         110779       -474.327
           1570         111779       -474.327
           1580         112656       -486.583
           1590         113502       -457.066
           1600         114453       -474.327
           1610         115326       -474.327
           1620         116133       -494.477
           1630         117001       -474.327
           1640         117977       -492.450
           1650         118865       -476.379
           1660         119862       -553.999
           1670         120731       -505.021
           1680         121654      -1004.421
           1690         122415       -483.769
           1700         123277       -457.066
           1710         124277      -1769.650
           1720         125277      -1769.650
           1730         126277      -1738.397
           1740         127199      -1757.962
           1750         128199      -1738.397
           1760         129079      -1775.081
           1770         130079      -1738.397
           1780         131013      -4310.982
           1790         131946      -4298.871
           1800         132938      -4253.375
           1810         133938       -471.242
           1820         134840       -492.638
           1830         135764       -499.090
           1840         136717       -523.006
           1850         137641       -497.398
           1860         138641       -497.398
           1870         139641       -497.398
           1880         140530       -497.398
           1890         141459       -497.398
           1900         142459       -497.398
           1910         143390       -476.646
           1920         144356       -476.646
           1930         145277       -476.646
           1940         146277       -476.646
           1950         147211       -476.646
           1960         148138       -476.646
           1970         149138       -476.646
           1980         150094       -476.646
           1990         151094       -498.344
           2000         152094       -476.646
           2010         153094       -476.646
           2020         154083       -476.646
           2030         155083       -476.646
           2040         156083       -477.793
           2050         157083       -545.787
           2060         157927       -545.787
           2070         158927       -515.674
           2080         159790       -515.674
           2090         160790       -515.674
           2100         161712       -474.327
           2110         162712       -458.190
           2120         163690       -457.066
           2130         164690       -457.066
           2140         165624       -474.327
           2150         166557       -457.066
           2160         167557       -457.066
           2170         168428       -457.066
           2180         169428       -457.066
           2190         170428       -457.066
           2200         171428       -457.066
           2210         172428       -474.327
           2220         173353       -457.066
           2230         174353       -457.066
           2240         175353       -484.888
           2250         176353       -474.327
           2260         177353       -547.768
           2270         178353       -457.066
           2280         179353       -474.327
           2290         180353       -474.327
           2300         181318       -474.327
           2310         182179       -474.327
           2320         183177       -484.888
           2330         184177       -484.888
           2340         185177       -457.066
           2350         186145       -485.534
           2360         187145       -466.853
           2370         188145       -466.853
           2380         189145       -496.297
           2390         190145       -496.297
           2400         191098       -496.297
           2410         192098       -496.297
           2420         193098       -496.297
           2430         194044       -466.853
           2440         195044       -486.583
           2450         195899       -486.583
           2460         196899       -466.853
           2470         197899       -494.893
           2480         198899       -880.667
           2490         199864       -880.667
           2500         200864       -466.853
           2510         201785       -466.853
           2520         202785       -466.853
           2530         203785       -514.390
           2540         204785       -466.853
           2550         205757       -506.375
           2560         206706       -506.375
           2570         207706       -466.853
           2580         208570       -466.853
           2590         209515       -496.297
           2600         210441       -466.853
           2610         211441       -466.853
           2620         212441       -466.853
           2630         213441       -496.297
           2640         214441       -496.297
           2650         215441       -496.297
           2660         216441       -496.297
           2670         217441       -496.297
           2680         218363       -496.297
           2690         219284       -496.297
           2700         220284       -496.297
           2710         221284       -496.297
           2720         222284       -496.297
           2730         223202       -505.075
           2740         224173       -533.499
           2750         225119       -506.375
           2760         226119       -506.375
           2770         227119       -526.796
           2780         228119       -506.375
           2790         229044       -466.853
           2800         229985       -505.075
           2810         230976       -505.075
           2820         231976       -505.075
           2830         232976       -505.075
           2840         233920       -505.075
           2850         234891       -505.301
           2860         235891       -495.460
           2870         236891       -495.460
           2880         237671       -503.617
           2890         238671       -503.617
           2900         239671       -495.460
           2910         240451       -505.301
           2920         241377       -505.301
           2930         242300       -467.074
           2940         243300       -467.074
           2950         244300       -467.074
           2960         245229       -467.074
           2970         246229       -467.074
           2980         247146       -467.074
           2990         248146       -495.460
           3000         249071       -495.460
           3010         250071       -495.460
           3020         251006       -548.510
           3030         252006       -503.617
           3040         253006       -467.074
           3050         253927       -467.074
           3060         254899       -467.074
           3070         255899       -495.460
           3080         256899       -495.460
           3090         257899       -495.460
           3100         258899       -503.617
           3110         259824       -503.617
           3120         260751       -495.460
           3130         261751       -495.460
           3140         262751       -495.460
           3150         263677       -495.460
           3160         264677       -495.460
           3170         265672       -495.460
           3180         266672       -570.038
           3190         267672       -495.460
           3200         268672       -502.824
           3210         269672       -495.460
           3220         270672       -495.460
           3230         271672       -504.717
           3240         272617       -522.669
           3250         273617       -522.669
           3260         274538       -522.669
           3270         275518       -522.669
           3280         276518       -504.717
           3290         277518       -504.717
           3300         278462       -535.080
           3310         279414       -504.717
           3320         280377       -504.717
           3330         281332       -504.717
           3340         282332       -504.717
           3350         283332       -504.717
           3360         284332       -504.717
           3370         285332       -504.717
           3380         286265       -504.717
           3390         287265       -504.717
           3400         288192       -504.717
           3410         289192       -504.717
           3420         290192       -504.717
           3430         291192       -549.438
           3440         292138       -504.717
           3450         293138       -504.717
           3460         294138       -504.717
           3470         295062       -504.717
           3480         296062       -504.717
           3490         297062       -504.717
           3500         298062       -504.717
           3510         299062       -504.717
           3520         300062       -504.717
           3530         301062       -657.156
           3540         302062       -504.717
           3550         303062       -504.717
           3560         304052       -504.717
           3570         305052       -504.717
           3580         306052       -504.717
           3590         307052       -504.717
           3600         307979       -486.583
           3610         308979       -486.583
           3620         309979       -486.583
           3630         310979       -486.583
           3640         311979       -486.583
           3650         312979       -486.583
           3660         313979       -486.583
           3670         314979       -486.583
           3680         315979       -486.583
           3690         316979       -486.583
           3700         317979       -486.583
           3710         318979       -486.583
           3720         319979       -486.583
           3730         320979       -559.937
           3740         321979       -504.717
           3750         322979       -504.717
           3760         323979       -504.717
           3770         324979       -504.717
           3780         325979       -504.717
           3790         326979       -559.937
           3800         327979       -504.717
           3810         328979       -504.717
           3820         329979       -504.717
           3830         330979       -504.717
           3840         331979       -504.717
           3850         332979       -504.717
           3860         333979       -504.717
           3870         334979       -504.717
           3880         335979       -504.717
           3890         336979       -504.717
           3900         337979       -486.583
           3910         338979       -486.583
           3920         339979       -486.583
           3930         340979       -486.583
           3940         341979       -486.583
           3950         342979       -486.583
           3960         343979       -486.583
           3970         344979       -504.717
           3980         345979       -504.717
           3990         346979       -504.717
           4000         347979       -504.717
           4010         348979       -504.717
           4020         349979       -504.717
           4030         350979       -486.583
           4040         351979       -486.583
           4050         352931       -486.583
           4060         353931       -486.583
           4070         354931       -486.583
           4080         355856       -486.583
           4090         356813       -486.583
           4100         357813       -486.583
           4110         358813       -486.583
           4120         359813       -486.583
           4130         360813       -486.583
           4140         361813       -486.583
           4150         362813       -486.583
           4160         363813       -486.583
           4170         364813       -486.583
           4180         365813       -486.583
           4190         366813       -486.583
           4200         367813       -486.583
           4210         368813       -486.583
           4220         369813       -486.583
           4230         370813       -486.583
           4240         371813       -504.717
           4250         372813       -504.717
           4260         373813       -504.717
           4270         374813       -504.717
           4280         375813       -504.717
           4290         376813       -504.717
           4300         377813       -504.717
           4310         378813       -504.717
           4320         379813       -504.717
           4330         380813       -486.583
           4340         381813       -486.583
           4350         382813       -486.583
           4360         383813       -486.583
           4370         384813       -486.583
           4380         385813       -486.583
           4390         386813       -486.583
           4400         387813       -486.583
           4410         388813       -486.583
           4420         389813       -486.583
           4430         390813       -486.583
           4440         391813       -504.717
           4450         392813       -504.717
           4460         393813       -504.717
           4470         394763       -505.396
           4480         395763       -486.583
           4490         396763       -486.583
           4500         397763       -486.583
           4510         398763       -486.583
           4520         399763       -486.583
           4530         400763       -486.583
           4540         401763       -486.583
           4550         402763       -486.583
           4560         403763       -504.717
           4570         404763       -504.717
           4580         405763       -504.717
           4590         406763       -486.583
           4600         407763       -486.583
           4610         408763       -486.583
           4620         409763       -486.583
           4630         410763       -486.583
           4640         411763       -486.583
           4650         412763       -486.583
           4660         413763       -486.583
           4670         414763       -486.583
           4680         415763       -486.583
           4690         416763       -486.583
           4700         417763       -486.583
           4710         418763       -486.583
           4720         419763       -486.583
           4730         420763       -486.583
           4740         421763       -504.717
           4750         422763       -504.717
           4760         423763       -504.717
           4770         424763       -504.717
           4780         425763       -504.717
           4790         426763       -504.717
           4800         427763       -504.717
           4810         428763       -559.937
           4820         429763       -504.717
           4830         430763       -504.717
           4840         431763       -504.717
           4850         432763       -504.717
           4860         433763       -504.717
           4870         434763       -504.717
           4880         435763       -504.717
           4890         436763       -504.717
           4900         437763       -504.717
           4910         438763       -504.717
           4920         439763       -504.717
           4930         440763       -524.102
           4940         441763       -524.102
           4950         442763       -524.102
           4960         443763       -524.102
           4970         444763       -524.102
           4980         445763       -524.102
           4990         446763       -524.102
           5000         447763       -524.102
           5010         448763       -524.102
           5020         449763       -524.102
           5030         450763       -524.102
           5040         451763       -524.102
           5050         452763       -524.102
           5060         453763       -524.102
           5070         454763       -524.102
           5080         455763       -524.102
           5090         456763       -524.102
           5100         457763       -524.102
           5110         458763       -524.102
           5120         459763       -524.102
           5130         460763       -524.102
           5140         461763       -524.102
           5150         462763       -524.102
           5160         463763       -524.102
           5170         464763       -524.102
           5180         465763       -524.102
           5190         466763       -524.102
           5200         467763       -524.102
           5210         468763       -524.102
           5220         469763       -524.102
           5230         470763       -524.102
           5240         471763       -524.102
           5250         472763       -524.102
           5260         473763       -524.102
           5270         474763       -524.102
           5280         475763       -524.102
           5290         476763       -524.102
           5300         477763       -524.102
           5310         478763       -524.102
           5320         479763       -524.102
           5330         480763       -524.102
           5340         481763       -524.102
           5350         482763       -524.102
           5360         483763       -524.102
           5370         484763       -524.102
           5380         485763       -524.102
           5390         486763       -524.102
           5400         487763       -524.102
           5410         488763       -524.102
           5420         489763       -524.102
           5430         490763       -524.102
           5440         491763       -524.102
           5450         492763       -524.102
           5460         493763       -524.102
           5470         494763       -524.102
           5480         495763       -524.102
           5490         496763       -524.102
           5500         497763       -524.102
           5510         498763       -524.102
           5520         499763       -524.102
