             10            640      -2135.108
             20           1272      -6276.336
             30           2170      -5651.131
             40           3038      -5102.296
             50           3920      -2330.590
             60           4822      -5478.143
             70           5664      -6043.289
             80           6632      -4934.802
             90           7578      -4476.412
            100           8426      -6211.881
            110           9195      -6153.658
            120          10131      -5087.522
            130          11066      -6285.414
            140          12039      -5840.802
            150          13030      -6791.817
            160          14000      -5203.090
            170          14890      -3893.396
            180          15839      -4533.173
            190          16722      -6139.786
            200          17658      -4934.802
            210          18598      -6508.362
            220          19478      -5420.611
            230          20420      -6613.844
            240          21402      -3746.193
            250          22291      -6001.387
            260          23211      -5858.370
            270          24211      -4720.933
            280          25092      -6872.678
            290          26003      -5872.751
            300          26980      -5701.112
            310          27980      -5215.432
            320          28845      -5805.448
            330          29765      -5923.249
            340          30706      -6013.874
            350          31676      -5393.890
            360          32599      -6097.729
            370          33573      -5611.820
            380          34521      -4016.477
            390          35374      -6470.778
            400          36302      -4288.485
            410          37223      -5571.823
            420          38223      -5926.906
            430          39187      -7241.826
            440          40162      -5739.323
            450          41064      -7004.711
            460          42064      -7874.305
            470          43036     -14892.992
            480          43843      -6039.562
            490          44518      -8955.787
            500          45405      -2596.456
            510          46203      -8007.802
            520          46924      -6595.795
            530          47831      -5769.327
            540          48727      -2341.340
            550          49584      -4884.070
            560          50388      -5692.726
            570          51350      -6482.073
            580          52148      -4934.802
            590          53074      -5972.192
            600          53865      -3907.713
            610          54524      -5459.710
            620          55317      -2986.078
            630          55979      -4658.774
            640          56882      -5622.539
            650          57667      -2036.397
            660          58375      -5466.884
            670          59265      -4287.744
            680          59999      -3938.597
            690          60850      -7469.930
            700          61616      -5264.422
            710          62277      -1006.892
            720          62924      -5701.835
            730          63622      -2263.871
            740          64381      -2300.719
            750          65242      -5082.894
            760          66031      -4090.036
            770          66675      -5070.704
            780          67525      -2112.304
            790          68280      -1008.433
            800          68990       -979.813
            810          69521      -1010.537
            820          70334      -2499.287
            830          70884      -2148.548
            840          71596      -2635.847
            850          72219      -2445.460
            860          72897      -2365.485
            870          73338      -1009.183
            880          74002       -943.799
            890          74610       -919.829
            900          75115      -4222.471
            910          75749      -4219.611
            920          76326       -984.885
            930          76990       -913.936
            940          77588       -914.340
            950          78241      -4714.013
            960          78842      -1006.367
            970          79464       -943.873
            980          80146      -1072.795
            990          80818      -2090.795
           1000          81419       -958.610
           1010          81990       -927.314
           1020          82586      -1002.551
           1030          83067      -5718.686
           1040          83810      -2809.854
           1050          84570      -1109.829
           1060          85118      -2568.536
           1070          85725      -7316.620
           1080          86448      -2477.475
           1090          87108      -5226.773
           1100          87851      -1998.039
           1110          88560       -918.791
           1120          89288      -2176.016
           1130          89875       -891.269
           1140          90433      -2143.107
           1150          91061      -3861.324
           1160          91623      -2192.816
           1170          92231      -2463.207
           1180          92871      -2328.534
           1190          93608      -2263.016
           1200          94376      -5309.345
           1210          94873      -2347.788
           1220          95599      -2300.582
           1230          96159       -932.583
           1240          96757      -4106.169
           1250          97289       -892.668
           1260          97938      -2199.088
           1270          98614      -1008.151
           1280          99151       -910.804
           1290          99715       -974.440
           1300         100260       -750.996
           1310         100943      -3749.548
           1320         101580      -2338.418
           1330         102246      -2566.078
           1340         102899       -712.208
           1350         103589      -5357.847
           1360         104352      -4393.507
           1370         105152      -2134.150
           1380         105887      -5016.826
           1390         106598      -4894.248
           1400         107411      -2104.533
           1410         108191       -736.586
           1420         109107       -604.054
           1430         109784       -931.102
           1440         110570       -624.031
           1450         111375       -688.571
           1460         112165      -1034.103
           1470         112961       -621.435
           1480         113817       -611.814
           1490         114638       -658.535
           1500         115428       -641.285
           1510         116233      -2790.490
           1520         117210       -937.796
           1530         117987       -634.294
           1540         118848       -593.960
           1550         119595       -593.960
           1560         120462       -653.229
           1570         121363       -731.225
           1580         122168       -942.817
           1590         122835       -919.948
           1600         123409       -910.797
           1610         124141       -957.921
           1620         124879      -2020.781
           1630         125539       -718.640
           1640         126196       -659.856
           1650         126938       -973.623
           1660         127666       -817.604
           1670         128419       -792.662
           1680         129085       -923.066
           1690         129663       -915.814
           1700         130366       -774.562
           1710         131052       -630.881
           1720         131978       -603.565
           1730         132718      -2255.084
           1740         133626      -5121.474
           1750         134572       -593.459
           1760         135530       -593.459
           1770         136493      -6476.934
           1780         137413       -612.319
           1790         138386       -612.319
           1800         139386       -612.319
           1810         140386       -612.319
           1820         141386       -613.272
           1830         142317       -621.911
           1840         143317       -593.459
           1850         144158       -659.387
           1860         145096       -659.387
           1870         146057       -659.387
           1880         146989       -638.962
           1890         147938       -768.871
           1900         148608       -726.894
           1910         149454       -694.072
           1920         150382       -593.459
           1930         151188       -593.459
           1940         152188       -593.459
           1950         153182       -659.856
           1960         154062       -972.722
           1970         154991       -972.722
           1980         155927       -659.856
           1990         156888       -793.222
           2000         157888       -651.920
           2010         158888       -651.920
           2020         159888       -650.545
           2030         160738       -659.856
           2040         161635       -621.876
           2050         162635       -613.756
           2060         163545       -612.319
           2070         164545       -612.319
           2080         165493       -642.202
           2090         166392       -719.987
           2100         167213       -612.319
           2110         168076       -673.563
           2120         168854       -963.121
           2130         169824       -613.756
           2140         170786       -613.756
           2150         171759       -631.233
           2160         172664       -631.233
           2170         173664       -631.233
           2180         174597       -631.233
           2190         175440       -661.365
           2200         176413       -661.365
           2210         177409       -634.368
           2220         178182       -605.496
           2230         179182       -605.496
           2240         180147       -639.616
           2250         181069       -639.616
           2260         182060       -605.496
           2270         182963       -605.496
           2280         183875       -605.496
           2290         184832       -651.739
           2300         185764       -639.616
           2310         186728       -639.616
           2320         187711       -605.496
           2330         188674       -605.496
           2340         189620       -623.965
           2350         190545       -644.328
           2360         191493       -661.931
           2370         192377       -661.931
           2380         193333       -630.696
           2390         194296       -603.881
           2400         195296       -603.881
           2410         196296       -603.881
           2420         197296       -603.881
           2430         198223       -603.881
           2440         199223       -603.881
           2450         200159       -659.811
           2460         201077       -603.881
           2470         202077       -603.881
           2480         203015       -670.652
           2490         203960       -593.459
           2500         204960       -659.387
           2510         205960       -643.092
           2520         206960       -593.459
           2530         207960       -593.459
           2540         208911       -593.459
           2550         209911       -593.459
           2560         210911       -593.459
           2570         211848       -593.459
           2580         212848       -633.964
           2590         213647       -593.459
           2600         214571       -633.802
           2610         215571       -633.802
           2620         216571       -633.802
           2630         217571       -593.459
           2640         218503       -593.459
           2650         219431       -593.459
           2660         220431       -593.459
           2670         221220       -593.459
           2680         222113       -593.459
           2690         223053       -585.882
           2700         224053       -585.882
           2710         225007       -585.882
           2720         226007       -585.882
           2730         227007       -585.882
           2740         228007       -585.882
           2750         229007       -585.882
           2760         230007       -585.882
           2770         231007       -585.882
           2780         231954       -585.882
           2790         232954       -585.882
           2800         233954       -585.882
           2810         234934       -585.882
           2820         235860       -585.882
           2830         236801       -585.882
           2840         237801       -585.882
           2850         238801       -585.882
           2860         239801       -585.882
           2870         240730       -585.882
           2880         241674       -585.882
           2890         242674       -585.882
           2900         243674       -585.882
           2910         244674       -585.882
           2920         245674       -585.882
           2930         246674       -585.882
           2940         247603       -585.882
           2950         248603       -585.882
           2960         249584       -649.491
           2970         250584       -585.882
           2980         251584       -585.882
           2990         252584       -585.882
           3000         253584       -585.882
           3010         254584       -585.882
           3020         255584       -585.882
           3030         256584       -585.882
           3040         257584       -585.882
           3050         258584       -585.882
           3060         259584       -585.882
           3070         260584       -585.882
           3080         261584       -585.882
           3090         262584       -585.882
           3100         263518       -585.882
           3110         264518       -626.425
           3120         265491       -626.097
           3130         266485       -585.882
           3140         267485       -654.777
           3150         268485       -644.159
           3160         269485       -644.159
           3170         270485       -644.159
           3180         271470       -644.159
           3190         272470       -644.159
           3200         273470       -644.159
           3210         274426       -644.159
           3220         275426       -607.515
           3230         276426       -607.515
           3240         277362       -607.515
           3250         278362       -607.515
           3260         279362       -689.153
           3270         280362       -607.515
           3280         281362       -607.515
           3290         282362       -607.515
           3300         283362       -607.515
           3310         284362       -645.614
           3320         285362       -645.614
           3330         286362       -647.334
           3340         287362       -593.459
           3350         288291       -593.459
           3360         289291       -642.719
           3370         290291       -593.459
           3380         291291       -593.459
           3390         292291       -593.459
           3400         293291       -593.459
           3410         294291       -593.459
           3420         295291       -593.459
           3430         296291       -593.459
           3440         297291       -593.459
           3450         298291       -593.459
           3460         299291       -628.345
           3470         300217       -593.459
           3480         301217       -593.459
           3490         302217       -593.459
           3500         303217       -593.459
           3510         304217       -593.459
           3520         305156       -593.459
           3530         306156       -593.459
           3540         307156       -593.459
           3550         308156       -593.459
           3560         309100       -593.459
           3570         310057       -593.459
           3580         311057       -593.459
           3590         312057       -643.092
           3600         313057       -593.459
           3610         314057       -593.459
           3620         315057       -593.459
           3630         315985       -593.459
           3640         316963       -593.459
           3650         317915       -593.459
           3660         318915       -593.459
           3670         319915       -593.459
           3680         320915       -593.459
           3690         321915       -593.459
           3700         322915       -643.092
           3710         323915       -593.459
           3720         324915       -593.459
           3730         325915       -593.459
           3740         326864       -593.459
           3750         327864       -593.459
           3760         328864       -593.459
           3770         329864       -593.459
           3780         330864       -593.459
           3790         331864       -593.459
           3800         332864       -593.459
           3810         333864       -593.459
           3820         334809       -593.459
           3830         335809       -593.459
           3840         336768       -593.459
           3850         337768       -593.459
           3860         338712       -593.459
           3870         339712       -593.459
           3880         340712       -593.459
           3890         341712       -593.459
           3900         342712       -593.459
           3910         343712       -593.459
           3920         344712       -593.459
           3930         345712       -593.459
           3940         346712       -621.397
           3950         347712       -783.441
           3960         348712       -593.459
           3970         349712       -593.459
           3980         350712       -593.459
           3990         351650       -593.459
           4000         352650       -593.459
           4010         353650       -593.459
           4020         354650       -593.459
           4030         355650       -593.459
           4040         356528       -593.459
           4050         357528       -593.459
           4060         358528       -593.459
           4070         359528       -593.459
           4080         360528       -593.459
           4090         361528       -593.459
           4100         362528       -593.459
           4110         363528       -621.397
           4120         364528       -593.459
           4130         365528       -593.459
           4140         366528       -593.459
           4150         367528       -593.459
           4160         368528       -593.459
           4170         369528       -593.459
           4180         370528       -593.459
           4190         371528       -593.459
           4200         372528       -593.459
           4210         373528       -593.459
           4220         374528       -593.459
           4230         375474       -593.459
           4240         376474       -593.459
           4250         377474       -593.459
           4260         378474       -593.459
           4270         379474       -593.459
           4280         380474       -593.459
           4290         381474       -593.459
           4300         382474       -593.459
           4310         383474       -593.459
           4320         384474       -593.459
           4330         385474       -593.459
           4340         386437       -593.459
           4350         387437       -633.802
           4360         388437       -593.459
           4370         389437       -593.459
           4380         390437       -593.459
           4390         391437       -593.459
           4400         392437       -593.459
           4410         393437       -593.459
           4420         394437       -593.459
           4430         395376       -593.459
           4440         396376       -593.459
           4450         397376       -593.459
           4460         398376       -593.459
           4470         399376       -593.459
           4480         400376       -593.459
           4490         401376       -783.441
           4500         402376       -593.459
           4510         403376       -593.459
           4520         404376       -593.459
           4530         405376       -593.459
           4540         406376       -593.459
           4550         407376       -593.459
           4560         408376       -593.459
           4570         409376       -593.459
           4580         410376       -593.459
           4590         411376       -593.459
           4600         412376       -593.459
           4610         413376       -593.459
           4620         414376       -593.459
           4630         415376       -593.459
           4640         416376       -593.459
           4650         417376       -593.459
           4660         418376       -593.459
           4670         419376       -593.459
           4680         420376       -593.459
           4690         421376       -593.459
           4700         422376       -593.459
           4710         423376       -593.459
           4720         424376       -593.459
           4730         425376       -593.459
           4740         426376       -593.459
           4750         427376       -593.459
           4760         428310       -593.459
           4770         429310       -593.459
           4780         430310       -593.459
           4790         431310       -593.459
           4800         432310       -593.459
           4810         433310       -593.459
           4820         434310       -593.459
           4830         435310       -593.459
           4840         436310       -593.459
           4850         437310       -593.459
           4860         438310       -593.459
           4870         439310       -593.459
           4880         440310       -593.459
           4890         441310       -593.459
           4900         442310       -593.459
           4910         443310       -593.459
           4920         444310       -593.459
           4930         445310       -593.459
           4940         446310       -593.459
           4950         447310       -593.459
           4960         448310       -593.459
           4970         449310       -593.459
           4980         450310       -593.459
           4990         451310       -593.459
           5000         452310       -593.459
           5010         453310       -593.459
           5020         454310       -593.459
           5030         455310       -593.459
           5040         456310       -593.459
           5050         457310       -593.459
           5060         458310       -593.459
           5070         459310       -593.459
           5080         460310       -593.459
           5090         461310       -593.459
           5100         462310       -593.459
           5110         463310       -593.459
           5120         464310       -593.459
           5130         465310       -593.459
           5140         466310       -593.459
           5150         467310       -593.459
           5160         468310       -593.459
           5170         469310       -593.459
           5180         470310       -593.459
           5190         471310       -593.459
           5200         472310       -593.459
           5210         473310       -593.459
           5220         474310       -593.459
           5230         475310       -593.459
           5240         476310       -593.459
           5250         477310       -593.459
           5260         478310       -593.459
           5270         479310       -593.459
           5280         480310       -593.459
           5290         481310       -593.459
           5300         482310       -593.459
           5310         483310       -593.459
           5320         484310       -593.459
           5330         485310       -593.459
           5340         486310       -593.459
           5350         487310       -593.459
           5360         488310       -593.459
           5370         489310       -593.459
           5380         490310       -593.459
           5390         491310       -593.459
           5400         492310       -593.459
           5410         493310       -593.459
           5420         494310       -593.459
           5430         495310       -593.459
           5440         496310       -593.459
           5450         497310       -593.459
           5460         498310       -593.459
           5470         499310       -593.459
