             10            805      -5240.247
             20           1531      -5165.685
             30           2383      -3822.425
             40           3265      -5503.743
             50           4089      -2604.877
             60           4925      -5481.744
             70           5923      -5796.939
             80           6862      -5722.103
             90           7744      -5736.960
            100           8656      -6356.633
            110           9655      -5752.734
            120          10612      -5424.505
            130          11501      -5664.792
            140          12501      -5734.719
            150          13464      -6251.470
            160          14364      -4387.867
            170          15327      -6299.454
            180          16327      -2729.591
            190          17287      -5600.716
            200          18269      -3087.632
            210          19227      -5821.439
            220          20168      -5488.810
            230          21119      -5845.677
            240          22119      -5082.313
            250          23038      -6113.737
            260          24025      -4934.802
            270          24919      -5829.891
            280          25901      -6386.413
            290          26826      -5806.623
            300          27727      -6457.829
            310          28727      -5901.493
            320          29727      -5416.355
            330          30727      -4953.690
            340          31665      -6602.746
            350          32604      -4934.802
            360          33604      -7077.435
            370          34604      -6291.047
            380          35566      -5291.905
            390          36519      -5744.611
            400          37441      -6960.843
            410          38413      -5880.592
            420          39413      -7819.689
            430          40383      -6154.547
            440          41383      -6978.652
            450          42383      -4934.802
            460          43345      -5255.620
            470          44320      -7004.448
            480          45320      -5180.407
            490          46287      -6808.818
            500          47264      -5790.722
            510          48264      -5906.253
            520          49233      -5949.953
            530          50233      -5907.382
            540          51233      -6542.783
            550          52173      -6568.330
            560          53168      -6500.134
            570          54118      -6424.615
            580          55118      -7184.513
            590          56061      -4934.802
            600          56962      -6145.909
            610          57962      -6273.465
            620          58940      -5292.658
            630          59882      -6352.857
            640          60825      -7887.240
            650          61742      -6355.034
            660          62742      -5657.927
            670          63742      -5593.718
            680          64730      -7587.057
            690          65682      -6415.285
            700          66682      -8532.338
            710          67625      -6042.568
            720          68625      -5144.869
            730          69548      -5500.051
            740          70548      -6619.168
            750          71471      -7328.446
            760          72427      -6104.190
            770          73392      -5425.287
            780          74392      -6953.544
            790          75392      -8210.004
            800          76370      -6100.692
            810          77324      -6389.776
            820          78190      -5710.321
            830          79120      -4761.448
            840          80070      -5062.938
            850          80986      -6147.781
            860          81902      -5763.229
            870          82787      -5049.313
            880          83682      -2345.543
            890          84651      -4184.495
            900          85495      -5455.764
            910          86319      -5808.711
            920          87104      -6390.289
            930          88027      -6775.532
            940          88873      -3443.678
            950          89672      -6450.762
            960          90516      -4258.707
            970          91380      -3929.864
            980          92293      -4551.839
            990          93184      -3520.072
           1000          94118      -5364.022
           1010          95002      -3445.656
           1020          95861      -5172.875
           1030          96730      -4917.101
           1040          97508      -5182.239
           1050          98405      -5726.424
           1060          99382      -3661.854
           1070         100251      -5829.917
           1080         101174      -2214.007
           1090         101977      -5804.830
           1100         102780      -3626.153
           1110         103520      -2385.555
           1120         104283      -6470.850
           1130         105060      -6273.389
           1140         105784      -2188.159
           1150         106514      -6178.421
           1160         107264      -5269.575
           1170         108143      -5502.485
           1180         108920      -5476.216
           1190         109825      -3201.377
           1200         110673      -5049.550
           1210         111506      -2175.557
           1220         112324      -4599.423
           1230         113231      -5653.435
           1240         114061      -7966.534
           1250         114988      -3535.466
           1260         115910      -6513.281
           1270         116740      -7099.166
           1280         117546      -3323.683
           1290         118351      -1895.499
           1300         119168      -3125.933
           1310         119966      -2745.285
           1320         120817      -5721.045
           1330         121579      -3867.267
           1340         122359      -7021.253
           1350         123212      -5905.384
           1360         123924      -6014.816
           1370         124811      -5663.805
           1380         125758      -6657.124
           1390         126582      -5570.580
           1400         127444      -5296.135
           1410         128293      -4579.437
           1420         129175      -6206.129
           1430         130051      -4670.373
           1440         130774      -6068.253
           1450         131514      -4839.028
           1460         132364      -3692.430
           1470         133195      -1940.897
           1480         134060      -3554.737
           1490         134793      -2188.881
           1500         135518      -3329.771
           1510         136276      -1870.238
           1520         137090      -2196.035
           1530         137838      -3677.625
           1540         138660      -3416.160
           1550         139435      -4698.502
           1560         140180      -3525.885
           1570         140892      -3525.885
           1580         141696      -5197.303
           1590         142497      -2108.832
           1600         143089      -5325.014
           1610         143914      -3483.472
           1620         144638      -3659.798
           1630         145249      -3016.916
           1640         145989      -2419.326
           1650         146701      -2469.443
           1660         147399      -3550.336
           1670         148179      -2091.724
           1680         148972      -4635.917
           1690         149771      -2075.904
           1700         150497      -2811.155
           1710         151278      -6237.813
           1720         152031      -5702.261
           1730         152917      -3909.601
           1740         153832      -4009.830
           1750         154594      -4152.043
           1760         155493      -2184.834
           1770         156149      -2908.083
           1780         156921      -4934.802
           1790         157741      -3407.618
           1800         158559      -4896.493
           1810         159440      -2077.270
           1820         160182      -1631.303
           1830         161017      -1836.024
           1840         161827      -2339.391
           1850         162650      -4629.281
           1860         163538      -2061.178
           1870         164347      -2132.525
           1880         165092      -2612.914
           1890         165809      -2720.349
           1900         166564      -3038.607
           1910         167239      -2155.059
           1920         167932      -2884.134
           1930         168583      -2803.893
           1940         169511      -3180.775
           1950         170347      -2738.513
           1960         171162      -4934.802
           1970         171839      -2406.688
           1980         172615      -5540.499
           1990         173393      -1999.166
           2000         174239      -2658.179
           2010         175011      -1898.619
           2020         175871      -1514.289
           2030         176548      -1810.991
           2040         177465      -4221.340
           2050         178230      -3161.686
           2060         179121      -2402.604
           2070         179958      -2088.681
           2080         180938      -1717.579
           2090         181774      -3164.246
           2100         182644      -2015.062
           2110         183553      -3263.172
           2120         184397      -1972.350
           2130         185324      -1873.867
           2140         186223      -2012.832
           2150         186975      -1362.053
           2160         187825      -4917.976
           2170         188679      -2193.876
           2180         189396      -2984.875
           2190         190088      -1995.815
           2200         190826      -2026.737
           2210         191532      -1995.815
           2220         192356      -1711.956
           2230         193104      -1644.583
           2240         193893      -3423.827
           2250         194821      -3718.354
           2260         195731      -1971.891
           2270         196517      -2676.593
           2280         197400      -2731.495
           2290         198141      -2792.352
           2300         198950      -2910.748
           2310         199869      -3021.066
           2320         200594      -2819.648
           2330         201359      -1918.756
           2340         202274      -2094.449
           2350         203075      -2590.883
           2360         203904      -2138.696
           2370         204776      -1633.348
           2380         205541      -2135.138
           2390         206421      -2225.662
           2400         207350      -2283.761
           2410         208235      -1816.815
           2420         209129      -3555.757
           2430         210059      -2612.336
           2440         210863      -1882.416
           2450         211734      -1809.590
           2460         212664      -2608.367
           2470         213529      -1602.969
           2480         214457      -1670.780
           2490         215457      -1469.043
           2500         216424       -975.944
           2510         217258       -884.915
           2520         218258       -884.915
           2530         219258       -884.915
           2540         220188       -884.915
           2550         221135       -884.915
           2560         222131       -884.915
           2570         223026       -884.915
           2580         224026       -884.915
           2590         225011       -931.990
           2600         225910      -1187.477
           2610         226874       -896.884
           2620         227861       -917.815
           2630         228818       -938.670
           2640         229804       -884.915
           2650         230804       -884.915
           2660         231756       -884.915
           2670         232731       -884.915
           2680         233666       -884.915
           2690         234666       -884.915
           2700         235666       -884.915
           2710         236654       -884.915
           2720         237600       -884.915
           2730         238600       -884.915
           2740         239565       -884.915
           2750         240565       -884.915
           2760         241565       -884.915
           2770         242511       -884.915
           2780         243443       -884.915
           2790         244309       -884.915
           2800         245267       -895.317
           2810         246187       -896.884
           2820         247187       -905.530
           2830         248148       -895.317
           2840         249148       -895.317
           2850         250148       -895.317
           2860         251148       -895.317
           2870         252148       -902.494
           2880         253148       -915.276
           2890         254148       -886.578
           2900         255148       -886.578
           2910         256106       -886.578
           2920         257084       -886.578
           2930         257999       -895.317
           2940         258956       -895.317
           2950         259956       -895.317
           2960         260926       -895.317
           2970         261926       -895.317
           2980         262926       -895.317
           2990         263892       -895.317
           3000         264871      -1020.515
           3010         265871       -885.191
           3020         266868       -885.191
           3030         267868       -885.191
           3040         268834       -903.117
           3050         269834       -886.578
           3060         270834       -886.578
           3070         271789       -886.578
           3080         272724       -886.578
           3090         273704       -934.859
           3100         274626       -885.191
           3110         275596       -885.191
           3120         276596       -885.191
           3130         277534       -885.191
           3140         278534       -885.191
           3150         279485       -876.258
           3160         280485       -885.191
           3170         281485      -1020.515
           3180         282434       -885.191
           3190         283387       -876.258
           3200         284382       -886.578
           3210         285364       -886.578
           3220         286364       -886.578
           3230         287364       -886.578
           3240         288315       -917.815
           3250         289315       -917.914
           3260         290315       -917.914
           3270         291219       -895.317
           3280         292219       -895.317
           3290         293219       -895.317
           3300         294158       -895.317
           3310         295158       -893.885
           3320         296125       -893.885
           3330         297125       -893.885
           3340         298125       -885.191
           3350         299125       -896.884
           3360         300125       -887.159
           3370         301057       -885.191
           3380         302057       -885.191
           3390         303057       -896.884
           3400         304057       -896.884
           3410         305057       -885.191
           3420         306057       -885.191
           3430         306989       -885.191
           3440         307989       -885.191
           3450         308989       -895.317
           3460         309989       -895.317
           3470         310989       -895.317
           3480         311989       -895.317
           3490         312989       -895.317
           3500         313989       -895.317
           3510         314989       -895.317
           3520         315976       -922.306
           3530         316976       -903.700
           3540         317909       -886.578
           3550         318909       -886.578
           3560         319848       -886.578
           3570         320848       -886.578
           3580         321848       -886.578
           3590         322848       -886.578
           3600         323848       -896.884
           3610         324848       -895.317
           3620         325848       -895.317
           3630         326762       -895.317
           3640         327762       -895.317
           3650         328762       -895.317
           3660         329714       -895.317
           3670         330714       -895.317
           3680         331714       -893.885
           3690         332695       -905.236
           3700         333695       -905.236
           3710         334695       -885.191
           3720         335666       -903.117
           3730         336666       -903.117
           3740         337666       -875.040
           3750         338666       -875.040
           3760         339666       -875.040
           3770         340666       -875.040
           3780         341666       -875.040
           3790         342666       -875.040
           3800         343557       -875.040
           3810         344557       -875.040
           3820         345557       -875.040
           3830         346557       -875.040
           3840         347557       -875.040
           3850         348557       -875.040
           3860         349557       -875.040
           3870         350557       -885.745
           3880         351557       -875.040
           3890         352557       -875.040
           3900         353557       -875.040
           3910         354557       -875.040
           3920         355557       -875.040
           3930         356557       -875.040
           3940         357557       -875.040
           3950         358557       -875.040
           3960         359557       -875.040
           3970         360497       -875.040
           3980         361497       -875.040
           3990         362497       -875.040
           4000         363497       -875.040
           4010         364497       -875.040
           4020         365497       -875.040
           4030         366497       -875.040
           4040         367497       -875.040
           4050         368497       -875.040
           4060         369497       -875.040
           4070         370444       -875.040
           4080         371444       -875.040
           4090         372444       -875.040
           4100         373444       -875.040
           4110         374444       -875.040
           4120         375444       -875.040
           4130         376444       -875.040
           4140         377444       -875.040
           4150         378444       -875.040
           4160         379444       -875.040
           4170         380444       -875.040
           4180         381444       -875.040
           4190         382444       -875.040
           4200         383444       -875.040
           4210         384444       -875.040
           4220         385444       -875.040
           4230         386444       -875.040
           4240         387444       -875.040
           4250         388444       -875.040
           4260         389444      -1020.515
           4270         390444       -905.837
           4280         391444       -905.837
           4290         392444       -875.040
           4300         393444       -875.040
           4310         394444       -875.040
           4320         395444       -875.040
           4330         396378       -875.040
           4340         397378       -875.040
           4350         398378       -875.040
           4360         399378       -875.040
           4370         400378       -875.040
           4380         401246       -875.040
           4390         402196       -875.040
           4400         403196       -875.040
           4410         404196       -875.040
           4420         405196       -875.040
           4430         406196       -875.040
           4440         407127       -927.158
           4450         408127       -927.158
           4460         409107       -927.158
           4470         410104       -927.158
           4480         411053       -938.521
           4490         412053       -938.521
           4500         413053       -938.521
           4510         414053       -938.521
           4520         415053       -938.521
           4530         416053       -938.521
           4540         417053       -938.521
           4550         418053       -938.521
           4560         419053       -938.521
           4570         420053       -938.521
           4580         421040       -927.158
           4590         422040       -927.158
           4600         423040       -927.158
           4610         424040       -927.158
           4620         425040       -927.158
           4630         426040       -927.158
           4640         427040       -927.158
           4650         428040       -956.938
           4660         429040       -927.158
           4670         430040       -927.158
           4680         431040       -927.158
           4690         432040       -875.040
           4700         433040       -875.040
           4710         434040       -875.040
           4720         435040       -875.040
           4730         436040       -905.837
           4740         437024       -875.040
           4750         438024       -875.040
           4760         439024       -875.040
           4770         440024       -875.040
           4780         441024       -875.040
           4790         442024       -875.040
           4800         442958       -885.191
           4810         443958       -885.191
           4820         444958       -885.191
           4830         445958       -885.191
           4840         446958       -885.191
           4850         447958       -885.191
           4860         448958       -885.191
           4870         449958       -885.191
           4880         450958       -885.191
           4890         451958       -885.191
           4900         452958       -885.191
           4910         453958       -885.191
           4920         454912       -885.191
           4930         455912       -885.191
           4940         456912       -885.191
           4950         457912       -885.191
           4960         458912       -885.191
           4970         459912       -885.191
           4980         460912       -885.191
           4990         461912       -885.191
           5000         462912       -885.191
           5010         463912       -885.191
           5020         464912       -885.191
           5030         465843       -885.191
           5040         466843       -885.191
           5050         467843       -885.191
           5060         468843       -885.191
           5070         469843       -885.191
           5080         470843       -885.191
           5090         471780       -885.191
           5100         472780       -885.191
           5110         473780       -885.191
           5120         474780       -885.191
           5130         475780       -885.191
           5140         476780       -885.191
           5150         477780       -885.191
           5160         478780       -885.191
           5170         479780       -885.191
           5180         480780       -885.191
           5190         481780       -885.191
           5200         482780       -885.191
           5210         483780       -885.191
           5220         484780       -885.191
           5230         485780       -885.191
           5240         486780       -885.191
           5250         487780       -885.191
           5260         488780       -885.191
           5270         489780       -885.191
           5280         490780       -885.191
           5290         491780       -885.191
           5300         492780       -885.191
           5310         493780       -885.191
           5320         494780       -885.191
           5330         495780       -885.191
           5340         496780       -885.191
           5350         497780       -885.191
           5360         498780       -885.191
           5370         499780       -885.191
