             10            808      -4934.802
             20           1633      -4934.802
             30           2571      -5721.600
             40           3416      -5716.280
             50           4243      -5703.744
             60           5198      -5954.049
             70           6198      -5396.406
             80           7119      -5898.472
             90           8041      -4770.002
            100           8958      -6036.516
            110           9890      -6082.952
            120          10865      -4934.802
            130          11835      -5031.779
            140          12825      -6073.436
            150          13732      -6291.853
            160          14697      -5409.027
            170          15658      -6586.108
            180          16626      -5212.733
            190          17539      -6011.637
            200          18512      -5648.884
            210          19475      -6213.819
            220          20465      -5218.810
            230          21465      -6541.958
            240          22455      -4366.405
            250          23425      -6413.162
            260          24413      -5837.133
            270          25379      -6771.461
            280          26339      -5695.866
            290          27298      -6512.034
            300          28288      -5660.150
            310          29268      -6230.775
            320          30257      -6161.234
            330          31257      -6223.469
            340          32257      -6925.618
            350          33257      -6382.981
            360          34257      -6065.381
            370          35250      -4934.802
            380          36208      -6394.821
            390          37180      -6156.578
            400          38180      -5334.626
            410          39176      -6870.789
            420          40083      -3585.838
            430          41078      -5905.074
            440          42050      -5662.818
            450          43050      -6308.033
            460          44009      -5495.223
            470          45008      -7474.498
            480          45983      -4934.802
            490          46956      -7104.991
            500          47929      -5686.649
            510          48929      -6049.235
            520          49899      -6746.966
            530          50846      -4817.741
            540          51834      -4934.802
            550          52827      -7145.962
            560          53791      -6063.933
            570          54791      -6546.114
            580          55782      -8077.733
            590          56749      -5502.418
            600          57724      -5138.193
            610          58724      -6771.446
            620          59724      -5523.658
            630          60724      -6812.704
            640          61724      -6102.129
            650          62666      -6749.054
            660          63612      -6532.340
            670          64567      -5728.075
            680          65525      -6803.081
            690          66478      -4634.972
            700          67314      -6873.555
            710          68264      -6251.930
            720          69232      -5592.063
            730          70195      -7588.755
            740          71146      -7103.503
            750          72070      -6579.384
            760          72996      -6273.018
            770          73981      -6185.434
            780          74916      -6495.462
            790          75873      -4934.802
            800          76873      -6664.322
            810          77780      -5244.459
            820          78765      -6247.338
            830          79737      -6043.095
            840          80670      -6068.441
            850          81586      -5171.788
            860          82409      -3974.513
            870          83331      -6966.763
            880          84188      -4926.996
            890          85147      -7311.037
            900          85976      -6875.622
            910          86806      -7716.533
            920          87652      -5563.101
            930          88577      -6081.500
            940          89507      -6154.364
            950          90406      -5258.330
            960          91404      -3485.912
            970          92348      -2835.281
            980          93138      -5862.464
            990          94126      -5912.408
           1000          95101      -6272.111
           1010          96066      -5793.444
           1020          96794      -4293.739
           1030          97637      -6855.459
           1040          98515      -4988.473
           1050          99418      -6131.891
           1060         100377      -3312.277
           1070         101246      -1982.642
           1080         102132      -5229.815
           1090         102996      -5655.946
           1100         103787      -3659.416
           1110         104665      -3561.802
           1120         105459      -5319.376
           1130         106261      -6930.397
           1140         107152      -3776.707
           1150         108014      -5847.419
           1160         108927      -5348.852
           1170         109815      -5228.605
           1180         110799      -6095.113
           1190         111734      -2854.684
           1200         112599      -6065.607
           1210         113509      -5695.873
           1220         114212      -4948.097
           1230         114984      -2395.628
           1240         115817      -3376.725
           1250         116681      -5099.450
           1260         117386      -5890.816
           1270         118223      -3287.158
           1280         119031      -5823.508
           1290         119891      -6367.981
           1300         120837      -3477.274
           1310         121669      -3184.719
           1320         122466      -7242.074
           1330         123306      -5271.287
           1340         124151      -3818.121
           1350         125056      -5024.518
           1360         125955      -2134.953
           1370         126706      -6032.531
           1380         127435      -5509.492
           1390         128343      -5393.098
           1400         129290      -2384.839
           1410         130109      -3734.114
           1420         131013      -5812.861
           1430         131838      -2285.377
           1440         132704      -4459.478
           1450         133558      -4934.802
           1460         134344      -5570.052
           1470         135192      -3182.203
           1480         136003      -3107.862
           1490         136912      -3794.842
           1500         137804      -4189.691
           1510         138575      -4047.184
           1520         139400      -2482.158
           1530         140085      -4323.125
           1540         140751      -2361.075
           1550         141463      -5839.221
           1560         142211      -2282.576
           1570         143168      -2182.232
           1580         143959      -2743.725
           1590         144697      -2875.675
           1600         145492      -3839.539
           1610         146399      -2955.633
           1620         147197      -3626.176
           1630         147977      -3600.087
           1640         148733      -2920.768
           1650         149623      -3296.197
           1660         150274      -5262.912
           1670         151067      -2255.868
           1680         151790      -2393.367
           1690         152547      -3260.980
           1700         153266      -2070.904
           1710         153945      -2023.214
           1720         154823      -3755.786
           1730         155637      -3436.297
           1740         156425      -2437.460
           1750         157165      -5134.870
           1760         157860      -2589.722
           1770         158643      -2627.577
           1780         159475      -3017.630
           1790         160290      -3930.723
           1800         161073      -2759.328
           1810         161881      -3007.182
           1820         162606      -2651.905
           1830         163398      -3200.596
           1840         164227      -2216.920
           1850         164927      -2410.376
           1860         165799      -3498.975
           1870         166665      -5013.864
           1880         167556      -3429.825
           1890         168272      -1841.178
           1900         169082      -2442.168
           1910         169734      -5216.654
           1920         170406      -1945.883
           1930         171120      -2653.341
           1940         171983      -2782.159
           1950         172608      -2183.992
           1960         173385      -1920.591
           1970         174244      -4934.802
           1980         175087      -4934.802
           1990         175962      -3094.518
           2000         176823      -3301.799
           2010         177715      -2794.274
           2020         178544      -2794.274
           2030         179430      -3583.899
           2040         180359      -3380.858
           2050         181278      -3370.072
           2060         182087      -2772.562
           2070         182827      -3767.510
           2080         183667      -4103.633
           2090         184516      -2098.834
           2100         185324      -2042.732
           2110         186050      -2454.737
           2120         186861      -2055.655
           2130         187705      -1831.474
           2140         188535      -2830.351
           2150         189471      -1877.158
           2160         190350      -3284.548
           2170         191295      -1756.858
           2180         192295      -3059.455
           2190         193187      -2992.323
           2200         194148      -2800.450
           2210         194984      -1935.880
           2220         195855      -1953.925
           2230         196700      -4934.802
           2240         197653      -1763.669
           2250         198653      -1117.946
           2260         199653      -2508.739
           2270         200534      -1796.977
           2280         201349      -2075.281
           2290         202216      -2016.638
           2300         203176      -2070.978
           2310         203933      -2143.504
           2320         204737      -3004.114
           2330         205618      -2807.522
           2340         206578      -1743.473
           2350         207456      -1632.648
           2360         208456      -2327.874
           2370         209313      -3254.183
           2380         210273      -1948.378
           2390         211093      -3304.202
           2400         211941      -3262.355
           2410         212674      -1759.755
           2420         213674      -1789.860
           2430         214622      -1849.405
           2440         215573      -1898.725
           2450         216573      -1739.123
           2460         217539      -1664.963
           2470         218539      -1694.262
           2480         219539      -1740.677
           2490         220528      -1614.977
           2500         221466      -1097.163
           2510         222466      -1097.163
           2520         223466      -1169.246
           2530         224466      -1087.303
           2540         225457      -1087.303
           2550         226427      -1172.053
           2560         227351      -1246.900
           2570         228237      -1138.623
           2580         229202      -1122.413
           2590         230202      -1122.413
           2600         231076      -1122.413
           2610         231880      -1122.413
           2620         232854      -1087.303
           2630         233854      -1087.303
           2640         234854      -2703.019
           2650         235854      -1087.303
           2660         236793      -1087.303
           2670         237760      -1087.303
           2680         238743      -1087.303
           2690         239743      -1087.303
           2700         240743      -1087.303
           2710         241743      -1087.303
           2720         242743      -1087.303
           2730         243743      -1087.303
           2740         244708      -1134.545
           2750         245708      -1087.303
           2760         246669      -1087.303
           2770         247669      -1087.303
           2780         248669      -1087.303
           2790         249669      -1087.303
           2800         250669      -1087.303
           2810         251630      -1087.303
           2820         252630      -1087.303
           2830         253630      -1087.303
           2840         254630      -1087.303
           2850         255630      -1087.303
           2860         256630      -1087.303
           2870         257586      -1087.303
           2880         258532      -1087.303
           2890         259532      -1087.303
           2900         260532      -1087.303
           2910         261532      -1087.303
           2920         262532      -1087.303
           2930         263532      -1087.303
           2940         264532      -1125.909
           2950         265500      -1087.303
           2960         266500      -1087.303
           2970         267461      -1087.303
           2980         268461      -1087.303
           2990         269461      -1117.946
           3000         270461      -1117.946
           3010         271357      -1116.677
           3020         272357      -1117.946
           3030         273357      -1117.946
           3040         274357      -1117.946
           3050         275357      -1087.303
           3060         276357      -1087.303
           3070         277297      -1087.303
           3080         278233      -1087.303
           3090         279233      -1134.545
           3100         280194      -1134.545
           3110         281194      -1134.545
           3120         282129      -1134.545
           3130         283129      -1087.303
           3140         284129      -1087.303
           3150         285116      -1169.246
           3160         286064      -1087.303
           3170         287064      -1087.303
           3180         288064      -1087.303
           3190         289064      -1087.303
           3200         289998      -1087.303
           3210         290998      -1087.303
           3220         291998      -1087.303
           3230         292985      -1095.672
           3240         293985      -1087.303
           3250         294969      -1087.303
           3260         295969      -1087.303
           3270         296969      -1087.303
           3280         297969      -1087.303
           3290         298969      -1087.303
           3300         299969      -1087.303
           3310         300969      -1087.303
           3320         301959      -1095.672
           3330         302959      -1087.303
           3340         303959      -1087.303
           3350         304959      -1122.413
           3360         305959      -1122.413
           3370         306959      -1122.413
           3380         307959      -1122.413
           3390         308959      -1122.413
           3400         309959      -1122.413
           3410         310896      -1122.413
           3420         311896      -1122.413
           3430         312896      -1087.303
           3440         313896      -1087.303
           3450         314830      -1087.303
           3460         315830      -1087.303
           3470         316830      -1087.303
           3480         317830      -1087.303
           3490         318830      -1087.303
           3500         319830      -1087.303
           3510         320769      -1087.303
           3520         321769      -1087.303
           3530         322769      -1087.303
           3540         323769      -1087.303
           3550         324769      -1087.303
           3560         325705      -1087.303
           3570         326705      -1169.246
           3580         327705      -1142.800
           3590         328705      -1142.800
           3600         329656      -1142.800
           3610         330656      -1170.975
           3620         331656      -1183.319
           3630         332656      -1106.626
           3640         333614      -1087.396
           3650         334614      -1087.303
           3660         335570      -1087.303
           3670         336570      -1122.413
           3680         337510      -1122.413
           3690         338510      -1122.413
           3700         339451      -1122.413
           3710         340406      -1122.413
           3720         341406      -1122.413
           3730         342406      -1122.413
           3740         343406      -1122.413
           3750         344406      -1146.217
           3760         345406      -1146.217
           3770         346406      -1122.413
           3780         347339      -1122.413
           3790         348339      -1122.413
           3800         349297      -1122.413
           3810         350297      -1122.413
           3820         351297      -1122.413
           3830         352297      -1122.413
           3840         353297      -1122.413
           3850         354297      -1122.413
           3860         355297      -1122.413
           3870         356297      -1122.413
           3880         357297      -1122.413
           3890         358297      -1141.070
           3900         359297      -1122.413
           3910         360236      -1141.070
           3920         361236      -1141.070
           3930         362236      -1167.683
           3940         363236      -1122.413
           3950         364236      -1122.413
           3960         365236      -1122.413
           3970         366171      -1122.413
           3980         367171      -1122.413
           3990         368171      -1122.413
           4000         369171      -1122.413
           4010         370171      -1122.413
           4020         371171      -1087.303
           4030         372171      -1087.303
           4040         373171      -1087.303
           4050         374171      -1087.303
           4060         375171      -1087.303
           4070         376171      -1087.303
           4080         377171      -1087.303
           4090         378171      -1087.303
           4100         379171      -1087.303
           4110         380171      -1087.303
           4120         381171      -1087.303
           4130         382171      -1087.303
           4140         383171      -1087.303
           4150         384171      -1087.303
           4160         385171      -1087.303
           4170         386171      -1087.303
           4180         387106      -1087.303
           4190         388106      -1087.303
           4200         389106      -1095.672
           4210         390106      -1095.672
           4220         391106      -1087.303
           4230         392106      -1087.303
           4240         393049      -1087.303
           4250         394049      -1087.303
           4260         395049      -1087.303
           4270         396049      -1087.303
           4280         397049      -1087.303
           4290         398049      -1087.303
           4300         399049      -1087.303
           4310         400049      -1087.303
           4320         401049      -1087.303
           4330         402049      -1087.303
           4340         403049      -1122.413
           4350         404049      -1122.413
           4360         405049      -1122.413
           4370         406049      -1122.413
           4380         407013      -1159.467
           4390         408013      -1122.413
           4400         409013      -1134.545
           4410         410013      -1134.545
           4420         411013      -1134.545
           4430         412013      -1087.303
           4440         413013      -1087.303
           4450         414013      -1087.303
           4460         415013      -1087.303
           4470         416013      -1087.303
           4480         417013      -1087.303
           4490         418013      -1087.303
           4500         419013      -1087.303
           4510         420013      -1087.303
           4520         421013      -1087.303
           4530         422013      -1087.303
           4540         423013      -1087.303
           4550         424013      -1087.303
           4560         425013      -1087.303
           4570         426013      -1087.303
           4580         427013      -1087.303
           4590         428013      -1087.303
           4600         429013      -1087.303
           4610         430013      -1087.303
           4620         431013      -1087.303
           4630         432013      -1087.303
           4640         433013      -1095.672
           4650         434013      -1087.303
           4660         435013      -1087.303
           4670         436013      -1087.303
           4680         437013      -1087.303
           4690         438013      -1087.303
           4700         439013      -1087.303
           4710         440013      -1087.303
           4720         441013      -1087.303
           4730         442013      -1087.303
           4740         443013      -1087.303
           4750         444013      -1087.303
           4760         445013      -1087.303
           4770         446013      -1087.303
           4780         446951      -1087.303
           4790         447951      -1087.303
           4800         448951      -1087.303
           4810         449951      -1087.303
           4820         450951      -1087.303
           4830         451951      -1087.303
           4840         452951      -1087.303
           4850         453951      -1087.303
           4860         454951      -1087.303
           4870         455951      -1087.303
           4880         456951      -1087.303
           4890         457951      -1087.303
           4900         458951      -1087.303
           4910         459951      -1087.303
           4920         460951      -1087.303
           4930         461951      -1087.303
           4940         462951      -1087.303
           4950         463951      -1087.303
           4960         464951      -1087.303
           4970         465951      -1087.303
           4980         466951      -1087.303
           4990         467951      -1087.303
           5000         468951      -1087.303
           5010         469951      -1087.303
           5020         470951      -1087.303
           5030         471951      -1087.303
           5040         472951      -1087.303
           5050         473951      -1087.303
           5060         474951      -1087.303
           5070         475951      -1087.303
           5080         476951      -1087.303
           5090         477951      -1087.303
           5100         478951      -1087.303
           5110         479951      -1087.303
           5120         480951      -1087.303
           5130         481951      -1087.303
           5140         482951      -1087.303
           5150         483951      -1087.303
           5160         484951      -1087.303
           5170         485951      -1087.303
           5180         486951      -1087.303
           5190         487951      -1087.303
           5200         488951      -1087.303
           5210         489951      -1087.303
           5220         490951      -1087.303
           5230         491951      -1087.303
           5240         492951      -1087.303
           5250         493951      -1087.303
           5260         494951      -1087.303
           5270         495951      -1087.303
           5280         496951      -1087.303
           5290         497951      -1087.303
           5300         498951      -1087.303
           5310         499951      -1087.303
