             10            262      -4934.802
             20            715      -3777.183
             30           1257      -1880.760
             40           1810      -5201.944
             50           2434      -4378.932
             60           3038      -5643.519
             70           3893      -1900.098
             80           4667      -6100.872
             90           5524      -3959.999
            100           6199      -5452.122
            110           6979      -5986.269
            120           7751      -3214.043
            130           8594      -4381.272
            140           9272      -6642.668
            150          10082      -7047.512
            160          11082      -5389.047
            170          12031      -6497.917
            180          12937      -5063.041
            190          13907      -4934.802
            200          14719      -6708.860
            210          15603      -5223.953
            220          16561      -4716.645
            230          17411      -6662.897
            240          18411      -6221.180
            250          19341      -5595.184
            260          20134      -5968.470
            270          21012      -5558.387
            280          21925      -3371.025
            290          22633      -7104.030
            300          23556      -6344.401
            310          24520      -4961.170
            320          25489      -6994.297
            330          26444      -3539.286
            340          27392      -6003.771
            350          28271      -5503.107
            360          29202      -4934.802
            370          30086      -5978.873
            380          30871      -6762.931
            390          31786      -5781.156
            400          32717      -5765.276
            410          33629      -5569.545
            420          34558      -5454.007
            430          35438      -2610.916
            440          36350      -6378.947
            450          37225      -4726.644
            460          38225      -8505.659
            470          38986      -2428.893
            480          39721      -4116.847
            490          40412      -7159.737
            500          41058      -5205.617
            510          41671      -5224.485
            520          42266      -6094.702
            530          43095      -5427.835
            540          43987      -4749.120
            550          44687      -5016.652
            560          45429      -3103.048
            570          46130      -2755.099
            580          46888      -4421.722
            590          47568       -856.268
            600          48348      -4564.912
            610          49097      -6251.439
            620          49744       -984.538
            630          50403       -900.388
            640          51012      -4700.734
            650          51536      -2293.206
            660          52072      -2597.235
            670          52592      -2556.968
            680          53200      -2191.520
            690          53777      -1968.099
            700          54347      -2089.026
            710          54941      -2025.884
            720          55677      -2938.372
            730          56293      -3506.667
            740          56898      -4271.818
            750          57570      -4815.168
            760          58074      -4700.931
            770          58523      -2016.482
            780          59064      -1289.360
            790          59624      -2013.305
            800          60207       -836.324
            810          60565      -3760.827
            820          61110      -2364.930
            830          61905      -3168.923
            840          62425      -2985.977
            850          62967       -839.069
            860          63428       -994.523
            870          63898      -2166.629
            880          64463      -2121.667
            890          65074      -2665.421
            900          65643       -868.325
            910          66076      -1936.313
            920          66628       -796.471
            930          67188       -885.583
            940          67665       -908.896
            950          68322      -5829.398
            960          68906      -3226.318
            970          69606      -1043.057
            980          70321      -4948.262
            990          71158      -3725.531
           1000          71742      -5299.428
           1010          72294      -3656.750
           1020          72811      -3760.133
           1030          73392      -1958.789
           1040          74012      -5988.923
           1050          74688      -6399.319
           1060          75141      -1052.417
           1070          75570      -4937.640
           1080          76153      -2121.166
           1090          76657       -837.520
           1100          77165      -3721.295
           1110          77754      -4961.189
           1120          78317       -950.921
           1130          78686      -1943.966
           1140          79275       -846.312
           1150          79916      -3134.215
           1160          80565      -2731.441
           1170          81022      -2243.718
           1180          81602       -850.615
           1190          82040      -1061.603
           1200          82583       -835.451
           1210          83045       -923.206
           1220          83689       -903.575
           1230          84215      -1872.437
           1240          84842      -3095.568
           1250          85410      -6519.558
           1260          85915       -945.178
           1270          86409       -800.380
           1280          87020       -955.615
           1290          87592      -1082.965
           1300          88140       -927.500
           1310          88640      -2319.389
           1320          89309      -2929.678
           1330          90047       -884.611
           1340          90763      -5759.861
           1350          91487       -910.422
           1360          92188       -924.929
           1370          92765      -4861.811
           1380          93457      -1981.778
           1390          93939      -2466.834
           1400          94579      -2170.486
           1410          95224      -1942.260
           1420          96105      -3668.330
           1430          96921      -4384.336
           1440          97414       -699.633
           1450          97980       -719.508
           1460          98778       -764.081
           1470          99451       -968.626
           1480         100055       -501.955
           1490         100667       -573.957
           1500         101409       -521.197
           1510         102132      -1583.263
           1520         102813       -710.972
           1530         103443       -833.507
           1540         104003       -579.012
           1550         104601       -895.813
           1560         105380       -555.649
           1570         106144       -522.703
           1580         106844       -555.649
           1590         107637       -538.119
           1600         108417       -543.084
           1610         109125       -496.695
           1620         110020       -573.721
           1630         110910       -537.605
           1640         111819      -2554.106
           1650         112762       -537.605
           1660         113667       -537.605
           1670         114572       -537.605
           1680         115412       -597.222
           1690         116412       -576.871
           1700         117351      -1479.273
           1710         118254      -1479.273
           1720         119103      -2120.634
           1730         120035      -2196.902
           1740         120894       -592.724
           1750         121839       -808.502
           1760         122751       -648.113
           1770         123634       -802.968
           1780         124335       -911.494
           1790         125327       -520.579
           1800         126183       -554.656
           1810         127013      -1934.432
           1820         127792       -550.551
           1830         128529      -2606.459
           1840         129459       -496.695
           1850         130287       -496.695
           1860         131207       -550.772
           1870         132099       -588.571
           1880         133053       -519.567
           1890         134053       -542.147
           1900         134955       -541.356
           1910         135895       -541.356
           1920         136882       -541.356
           1930         137802       -541.356
           1940         138735       -541.356
           1950         139638       -550.653
           1960         140594       -537.817
           1970         141594       -537.817
           1980         142551       -597.027
           1990         143496       -545.840
           2000         144465       -507.867
           2010         145320       -541.104
           2020         146180       -541.104
           2030         147048       -496.695
           2040         147854       -539.665
           2050         148772       -496.695
           2060         149772       -496.695
           2070         150760       -496.695
           2080         151644       -545.956
           2090         152644       -496.695
           2100         153592       -545.956
           2110         154503       -545.956
           2120         155437       -573.595
           2130         156289       -496.695
           2140         157236       -496.695
           2150         158052       -496.695
           2160         159032       -526.290
           2170         160026       -496.695
           2180         160964       -496.695
           2190         161857       -496.695
           2200         162826       -526.290
           2210         163642       -518.483
           2220         164598       -543.397
           2230         165588       -543.397
           2240         166476       -500.133
           2250         167349       -531.487
           2260         168262       -559.827
           2270         169127       -576.661
           2280         170127       -576.661
           2290         170990       -562.854
           2300         171990       -549.600
           2310         172924       -529.152
           2320         173924       -529.152
           2330         174882       -558.187
           2340         175882       -507.118
           2350         176855       -536.345
           2360         177674       -507.118
           2370         178604       -528.825
           2380         179596       -556.818
           2390         180549       -525.542
           2400         181338       -496.695
           2410         182311       -496.695
           2420         183214       -545.956
           2430         184214       -496.695
           2440         185214       -496.695
           2450         186138       -496.695
           2460         187084       -496.695
           2470         187950       -496.695
           2480         188843       -496.695
           2490         189823       -496.695
           2500         190677       -496.695
           2510         191608       -496.695
           2520         192515       -496.695
           2530         193489       -496.695
           2540         194489       -496.695
           2550         195489       -496.695
           2560         196489       -496.695
           2570         197489       -496.695
           2580         198444       -508.982
           2590         199378       -537.588
           2600         200378       -537.588
           2610         201378       -509.405
           2620         202304       -509.405
           2630         203304       -518.529
           2640         204234       -518.529
           2650         205234       -518.529
           2660         206234       -518.529
           2670         207124       -518.529
           2680         208124       -537.588
           2690         209124       -537.588
           2700         210058       -496.695
           2710         211058       -496.695
           2720         212058       -496.695
           2730         213058       -496.695
           2740         214058       -545.956
           2750         215058       -496.695
           2760         215948       -496.695
           2770         216943       -518.529
           2780         217943       -496.695
           2790         218943       -496.695
           2800         219943       -496.603
           2810         220943       -628.193
           2820         221866       -528.910
           2830         222743       -527.282
           2840         223743       -527.861
           2850         224743       -506.543
           2860         225734       -601.499
           2870         226677       -606.745
           2880         227677       -497.744
           2890         228677       -497.744
           2900         229677       -497.744
           2910         230635       -554.495
           2920         231556       -516.670
           2930         232556       -516.670
           2940         233508       -516.670
           2950         234508       -516.670
           2960         235508       -536.345
           2970         236508       -516.670
           2980         237508       -516.670
           2990         238477       -536.345
           3000         239424       -536.345
           3010         240424       -516.670
           3020         241424       -516.670
           3030         242424       -516.670
           3040         243424       -516.670
           3050         244424       -516.670
           3060         245424       -516.670
           3070         246424       -516.670
           3080         247424       -550.272
           3090         248424       -550.272
           3100         249424       -550.272
           3110         250344       -538.568
           3120         251344       -536.345
           3130         252344       -536.345
           3140         253293       -538.568
           3150         254293       -516.670
           3160         255293       -516.670
           3170         256220       -497.254
           3180         257220       -497.254
           3190         258102       -497.254
           3200         259102       -516.670
           3210         260102       -516.670
           3220         261102       -535.882
           3230         262102       -549.002
           3240         263102       -535.882
           3250         264102       -535.882
           3260         265102       -536.691
           3270         266102       -545.922
           3280         267102       -508.970
           3290         268102       -508.970
           3300         269102       -536.691
           3310         270102       -536.691
           3320         271102       -536.691
           3330         272102       -536.691
           3340         273102       -536.691
           3350         274102       -536.691
           3360         275102       -536.691
           3370         276073       -536.691
           3380         277073       -536.691
           3390         278073       -536.691
           3400         279003       -536.691
           3410         280003       -536.691
           3420         281003       -536.691
           3430         282003       -536.691
           3440         283003       -536.691
           3450         284003       -536.691
           3460         284935       -536.691
           3470         285935       -536.691
           3480         286935       -536.691
           3490         287857       -536.691
           3500         288857       -535.882
           3510         289857       -535.882
           3520         290857       -535.882
           3530         291857       -536.691
           3540         292857       -558.810
           3550         293797       -536.691
           3560         294797       -535.882
           3570         295797       -535.882
           3580         296719       -575.740
           3590         297719       -535.882
           3600         298719       -536.691
           3610         299719       -535.622
           3620         300719       -545.922
           3630         301719       -545.922
           3640         302719       -530.674
           3650         303719       -497.744
           3660         304719       -497.744
           3670         305719       -497.744
           3680         306638       -560.478
           3690         307638       -560.478
           3700         308638       -560.478
           3710         309638       -560.478
           3720         310574       -508.970
           3730         311543       -536.691
           3740         312543       -536.691
           3750         313543       -548.036
           3760         314543       -536.691
           3770         315464       -536.691
           3780         316464       -536.691
           3790         317460       -536.691
           3800         318460       -535.882
           3810         319460       -535.622
           3820         320460       -535.622
           3830         321460       -507.118
           3840         322460       -565.000
           3850         323460       -516.670
           3860         324460       -516.670
           3870         325460       -516.670
           3880         326460       -516.670
           3890         327460       -516.670
           3900         328460       -516.670
           3910         329460       -516.670
           3920         330460       -516.670
           3930         331460       -516.670
           3940         332460       -516.670
           3950         333460       -516.670
           3960         334460       -516.670
           3970         335460       -516.670
           3980         336460       -516.670
           3990         337460       -516.670
           4000         338450       -516.670
           4010         339450       -516.670
           4020         340450       -516.670
           4030         341450       -516.670
           4040         342372       -516.670
           4050         343372       -516.670
           4060         344372       -516.670
           4070         345372       -516.670
           4080         346372       -516.670
           4090         347372       -516.670
           4100         348297       -516.670
           4110         349292       -516.670
           4120         350292       -516.670
           4130         351292       -516.670
           4140         352292       -516.670
           4150         353292       -516.670
           4160         354292       -516.670
           4170         355292       -516.670
           4180         356292       -497.254
           4190         357292       -497.254
           4200         358292       -497.254
           4210         359292       -535.882
           4220         360292       -535.882
           4230         361217       -535.882
           4240         362217       -535.882
           4250         363217       -535.882
           4260         364217       -535.882
           4270         365217       -535.882
           4280         366217       -535.882
           4290         367217       -535.882
           4300         368217       -535.882
           4310         369217       -535.882
           4320         370217       -535.882
           4330         371217       -535.882
           4340         372164       -569.302
           4350         373164       -535.882
           4360         374164       -535.882
           4370         375164       -535.622
           4380         376164       -535.882
           4390         377164       -535.882
           4400         378164       -535.882
           4410         379164       -535.882
           4420         380164       -535.882
           4430         381164       -535.882
           4440         382164       -535.882
           4450         383164       -535.882
           4460         384164       -535.882
           4470         385164       -535.882
           4480         386164       -535.882
           4490         387164       -535.882
           4500         388164       -535.882
           4510         389164       -535.882
           4520         390164       -535.882
           4530         391164       -535.882
           4540         392164       -535.882
           4550         393164       -535.882
           4560         394164       -535.882
           4570         395164       -535.882
           4580         396164       -535.882
           4590         397164       -535.882
           4600         398164       -535.882
           4610         399164       -535.882
           4620         400164       -535.882
           4630         401164       -535.882
           4640         402164       -535.882
           4650         403164       -535.882
           4660         404164       -535.882
           4670         405164       -535.882
           4680         406164       -535.882
           4690         407164       -535.882
           4700         408164       -535.882
           4710         409164       -689.062
           4720         410164       -535.882
           4730         411164       -535.882
           4740         412164       -535.882
           4750         413164       -535.882
           4760         414164       -535.882
           4770         415164       -535.882
           4780         416164       -549.002
           4790         417164       -549.002
           4800         418164       -535.882
           4810         419164       -535.882
           4820         420164       -535.882
           4830         421164       -535.882
           4840         422164       -535.882
           4850         423164       -535.882
           4860         424164       -535.882
           4870         425164       -535.882
           4880         426164       -535.882
           4890         427164       -535.622
           4900         428164       -497.254
           4910         429164       -497.254
           4920         430164       -497.254
           4930         431164       -497.254
           4940         432164       -497.254
           4950         433164       -497.254
           4960         434164       -497.254
           4970         435164       -497.254
           4980         436164       -535.882
           4990         437164       -535.882
           5000         438164       -535.882
           5010         439164       -535.882
           5020         440164       -535.882
           5030         441164       -535.882
           5040         442164       -535.882
           5050         443164       -535.882
           5060         444164       -535.882
           5070         445164       -535.882
           5080         446164       -535.882
           5090         447164       -535.882
           5100         448164       -535.882
           5110         449164       -535.882
           5120         450164       -535.882
           5130         451164       -535.882
           5140         452164       -535.882
           5150         453164       -535.882
           5160         454164       -535.882
           5170         455164       -535.882
           5180         456164       -535.882
           5190         457164       -535.882
           5200         458164       -535.882
           5210         459164       -535.882
           5220         460164       -535.882
           5230         461164       -535.882
           5240         462164       -535.882
           5250         463164       -535.882
           5260         464164       -535.882
           5270         465164       -535.882
           5280         466164       -535.882
           5290         467164       -535.882
           5300         468164       -535.882
           5310         469164       -535.882
           5320         470164       -535.882
           5330         471164       -535.882
           5340         472164       -535.882
           5350         473164       -535.882
           5360         474164       -535.882
           5370         475164       -535.882
           5380         476164       -535.882
           5390         477164       -535.882
           5400         478164       -535.882
           5410         479164       -535.882
           5420         480164       -535.882
           5430         481164       -535.882
           5440         482164       -535.882
           5450         483164       -535.882
           5460         484164       -535.882
           5470         485164       -535.882
           5480         486164       -535.882
           5490         487164       -535.882
           5500         488164       -535.882
           5510         489164       -535.882
           5520         490164       -535.882
           5530         491164       -535.882
           5540         492164       -535.882
           5550         493164       -535.882
           5560         494164       -535.882
           5570         495164       -535.882
           5580         496164       -535.882
           5590         497164       -535.882
           5600         498164       -535.882
           5610         499164       -535.882
