             10            609      -1349.179
             20           1278      -4448.127
             30           2116      -2325.902
             40           2859      -4934.802
             50           3704      -5567.924
             60           4490      -3840.255
             70           5364      -4680.984
             80           6251      -5508.287
             90           7146      -5659.957
            100           7995      -5108.300
            110           8923      -5016.584
            120           9810      -4838.817
            130          10765      -4701.408
            140          11724      -5466.510
            150          12630      -5899.828
            160          13576      -4502.075
            170          14505      -5173.058
            180          15405      -4718.327
            190          16352      -5624.525
            200          17335      -6385.244
            210          18302      -4967.860
            220          19300      -4428.948
            230          20255      -5692.312
            240          21226      -6428.514
            250          22225      -6032.206
            260          23221      -6329.556
            270          24160      -6467.486
            280          25016      -7115.220
            290          25961      -6748.143
            300          26869      -6368.388
            310          27782      -6839.283
            320          28782      -6042.710
            330          29742      -5649.160
            340          30714      -7718.678
            350          31657      -6730.150
            360          32446      -6794.344
            370          33352      -3835.607
            380          34324      -7418.776
            390          35324      -5254.763
            400          36296      -7310.096
            410          37296      -6250.958
            420          38223      -6407.700
            430          39208      -6841.597
            440          40208      -7157.519
            450          41141      -6060.092
            460          42006      -8634.987
            470          42976      -6268.817
            480          43910      -5421.526
            490          44910      -2824.011
            500          45667      -3490.467
            510          46492      -3108.457
            520          47392      -2562.361
            530          48056      -5633.090
            540          48916      -8764.871
            550          49851      -2187.188
            560          50714      -5984.869
            570          51503      -8335.810
            580          52300      -4758.479
            590          53189      -2589.852
            600          53871      -6302.379
            610          54613      -2225.163
            620          55367      -5653.244
            630          56081      -2169.991
            640          56790      -5500.416
            650          57670      -4976.024
            660          58404      -2855.406
            670          59003      -1044.389
            680          59808      -4173.550
            690          60563       -879.000
            700          61148      -5346.705
            710          61872      -2361.999
            720          62419      -5227.079
            730          63117       -966.665
            740          63817       -922.985
            750          64565       -998.089
            760          65113      -2758.609
            770          65778      -1051.008
            780          66496      -2049.641
            790          67185      -2556.149
            800          67782       -893.824
            810          68543      -6894.154
            820          69214      -2601.804
            830          69885       -935.412
            840          70617      -1005.544
            850          71140       -939.836
            860          71670       -902.447
            870          72229      -2203.903
            880          72883       -925.151
            890          73446       -987.206
            900          74053      -2125.242
            910          74627      -3128.409
            920          75325      -4058.590
            930          75822       -916.065
            940          76218      -5601.596
            950          76933       -921.224
            960          77471      -5518.652
            970          78153      -1068.516
            980          78726       -975.081
            990          79240      -5109.598
           1000          79953      -6489.931
           1010          80621       -922.019
           1020          81336       -938.940
           1030          81993      -2144.147
           1040          82743      -2176.166
           1050          83443      -1022.577
           1060          83886       -893.285
           1070          84425       -825.627
           1080          85041       -862.338
           1090          85551       -871.571
           1100          86054      -5802.305
           1110          86727       -913.864
           1120          87529       -913.864
           1130          88124       -850.145
           1140          88564       -905.078
           1150          89084       -959.362
           1160          89658      -1007.894
           1170          90173      -2059.971
           1180          90781      -2939.773
           1190          91351       -879.321
           1200          92016      -1105.709
           1210          92425      -1057.085
           1220          92987      -2151.598
           1230          93492       -925.437
           1240          94202       -740.120
           1250          94819      -3396.959
           1260          95457      -5747.306
           1270          96204       -949.276
           1280          96858       -960.771
           1290          97562       -953.640
           1300          98343       -862.637
           1310          99026      -2754.099
           1320          99639       -900.219
           1330         100337      -2301.042
           1340         100900       -643.273
           1350         101591       -682.726
           1360         102252      -1076.434
           1370         102898      -2787.070
           1380         103577       -936.274
           1390         104131       -934.496
           1400         104703       -926.737
           1410         105241       -862.964
           1420         105913       -692.719
           1430         106524       -771.066
           1440         107199       -964.815
           1450         107967       -983.258
           1460         108601      -2718.565
           1470         109365       -852.380
           1480         109997       -923.496
           1490         110600      -2493.473
           1500         111290       -908.853
           1510         112026       -633.473
           1520         112736       -647.534
           1530         113503       -956.166
           1540         114308       -607.143
           1550         115228       -874.395
           1560         115917       -982.769
           1570         116640       -609.416
           1580         117612       -609.961
           1590         118441       -613.292
           1600         119397       -632.433
           1610         120309       -592.010
           1620         121058       -570.974
           1630         121925       -570.974
           1640         122805       -608.182
           1650         123756       -608.182
           1660         124752       -570.974
           1670         125745       -570.974
           1680         126702       -570.974
           1690         127585       -570.974
           1700         128439       -608.182
           1710         129251       -587.772
           1720         130183       -608.182
           1730         131120       -608.182
           1740         131988       -608.182
           1750         132901       -608.182
           1760         133797       -608.182
           1770         134711       -619.339
           1780         135563       -683.050
           1790         136371       -648.397
           1800         137332       -647.258
           1810         138211       -620.266
           1820         139131       -628.785
           1830         140067       -836.614
           1840         140983       -616.798
           1850         141897       -616.798
           1860         142875       -625.786
           1870         143875       -625.786
           1880         144823       -567.610
           1890         145806       -567.610
           1900         146745       -567.610
           1910         147636       -596.926
           1920         148580       -567.610
           1930         149541       -617.067
           1940         150541       -617.067
           1950         151409       -617.067
           1960         152311       -596.896
           1970         153311       -597.112
           1980         154134       -615.217
           1990         155030       -667.618
           2000         155909       -595.659
           2010         156831       -591.750
           2020         157747       -588.656
           2030         158538       -613.314
           2040         159414       -597.112
           2050         160396       -606.110
           2060         161261       -596.896
           2070         162221       -596.896
           2080         163221       -618.141
           2090         164134       -596.896
           2100         165134       -615.280
           2110         165859       -605.364
           2120         166841       -605.364
           2130         167841       -605.364
           2140         168721       -605.364
           2150         169648       -605.364
           2160         170607       -615.280
           2170         171607       -615.280
           2180         172607       -615.280
           2190         173607       -615.280
           2200         174546       -615.280
           2210         175497       -615.280
           2220         176497       -615.280
           2230         177497       -615.280
           2240         178497       -615.280
           2250         179497       -615.280
           2260         180447       -615.280
           2270         181447       -615.280
           2280         182396       -615.280
           2290         183378       -615.280
           2300         184378       -615.280
           2310         185333       -617.617
           2320         186260       -645.242
           2330         187105       -623.871
           2340         188020       -626.864
           2350         189020       -617.680
           2360         189923       -645.091
           2370         190868       -645.091
           2380         191768       -623.871
           2390         192745       -645.415
           2400         193701       -645.091
           2410         194651       -645.091
           2420         195638       -600.334
           2430         196622       -615.280
           2440         197510       -609.108
           2450         198436       -609.108
           2460         199436       -609.108
           2470         200436       -609.108
           2480         201436       -615.280
           2490         202436       -615.280
           2500         203372       -615.280
           2510         204319       -615.280
           2520         205319       -615.280
           2530         206319       -615.280
           2540         207319       -623.871
           2550         208319       -615.280
           2560         209245       -615.280
           2570         210245       -615.280
           2580         211245       -615.280
           2590         212237       -615.280
           2600         213115       -615.280
           2610         214061       -623.871
           2620         215017       -615.280
           2630         215988       -615.280
           2640         216988       -615.280
           2650         217947       -614.302
           2660         218947       -614.302
           2670         219947       -614.302
           2680         220947       -614.302
           2690         221939       -614.302
           2700         222939       -614.302
           2710         223939       -614.302
           2720         224939       -614.302
           2730         225939       -614.302
           2740         226939       -614.302
           2750         227870       -614.302
           2760         228870       -614.302
           2770         229870       -614.302
           2780         230849       -637.772
           2790         231804       -637.772
           2800         232804       -597.961
           2810         233804       -597.961
           2820         234740       -597.961
           2830         235740       -614.302
           2840         236740       -614.302
           2850         237625       -614.302
           2860         238625       -614.302
           2870         239625       -614.302
           2880         240625       -614.302
           2890         241590       -614.302
           2900         242590       -614.302
           2910         243590       -614.302
           2920         244590       -597.961
           2930         245590       -597.961
           2940         246534       -597.961
           2950         247534       -597.961
           2960         248506       -614.302
           2970         249506       -614.302
           2980         250433       -614.302
           2990         251369       -614.302
           3000         252369       -614.302
           3010         253369       -614.302
           3020         254369       -614.302
           3030         255303       -631.018
           3040         256303       -597.961
           3050         257303       -597.961
           3060         258224       -606.283
           3070         259208       -596.460
           3080         260208       -596.896
           3090         261134       -596.896
           3100         262061       -596.896
           3110         263061       -596.896
           3120         264028       -604.691
           3130         265028       -608.217
           3140         265963       -608.217
           3150         266887       -608.217
           3160         267887       -608.217
           3170         268887       -604.691
           3180         269887       -608.217
           3190         270842       -645.013
           3200         271842       -608.217
           3210         272791       -596.896
           3220         273719       -615.280
           3230         274719       -615.280
           3240         275719       -615.280
           3250         276652       -615.280
           3260         277652       -615.280
           3270         278652       -615.280
           3280         279652       -615.280
           3290         280652       -615.280
           3300         281652       -615.280
           3310         282652       -623.871
           3320         283652       -615.280
           3330         284598       -615.280
           3340         285598       -609.108
           3350         286598       -615.280
           3360         287541       -586.018
           3370         288541       -645.091
           3380         289541       -649.704
           3390         290541       -607.114
           3400         291541       -607.114
           3410         292541       -614.302
           3420         293541       -614.302
           3430         294541       -614.302
           3440         295541       -607.114
           3450         296541       -607.114
           3460         297476       -607.114
           3470         298476       -607.114
           3480         299476       -657.119
           3490         300476       -787.024
           3500         301476       -645.091
           3510         302476       -623.871
           3520         303401       -614.302
           3530         304358       -614.302
           3540         305358       -614.302
           3550         306358       -614.302
           3560         307358       -614.302
           3570         308358       -614.302
           3580         309358       -614.302
           3590         310358       -614.302
           3600         311209       -614.302
           3610         312209       -614.302
           3620         313209       -614.302
           3630         314209       -614.302
           3640         315209       -614.302
           3650         316209       -614.302
           3660         317209       -614.302
           3670         318209       -614.302
           3680         319209       -614.302
           3690         320209       -614.302
           3700         321209       -614.302
           3710         322209       -614.302
           3720         323209       -614.302
           3730         324162       -614.302
           3740         325162       -614.302
           3750         326162       -614.302
           3760         327162       -614.302
           3770         328162       -614.302
           3780         329162       -614.302
           3790         330162       -614.302
           3800         331133       -614.302
           3810         332133       -614.302
           3820         333133       -614.302
           3830         334133       -614.302
           3840         335133       -614.302
           3850         336085       -614.302
           3860         337075       -614.302
           3870         338075       -614.302
           3880         339075       -614.302
           3890         340075       -614.302
           3900         341075       -614.302
           3910         342075       -614.302
           3920         343075       -614.302
           3930         344075       -614.302
           3940         345075       -614.302
           3950         346075       -614.302
           3960         347075       -614.302
           3970         348075       -614.302
           3980         349075       -614.302
           3990         350075       -654.076
           4000         351003       -614.302
           4010         352003       -614.302
           4020         353003       -614.302
           4030         354003       -614.302
           4040         354902       -614.302
           4050         355902       -614.302
           4060         356902       -614.302
           4070         357902       -614.302
           4080         358902       -614.302
           4090         359902       -614.302
           4100         360902       -614.302
           4110         361902       -614.302
           4120         362902       -614.302
           4130         363902       -614.302
           4140         364844       -614.302
           4150         365844       -614.302
           4160         366844       -614.302
           4170         367844       -614.302
           4180         368778       -614.302
           4190         369778       -614.302
           4200         370778       -614.302
           4210         371778       -614.302
           4220         372778       -614.302
           4230         373778       -614.302
           4240         374778       -614.302
           4250         375778       -614.302
           4260         376778       -614.302
           4270         377778       -607.114
           4280         378778       -614.302
           4290         379778       -614.302
           4300         380778       -614.302
           4310         381778       -614.302
           4320         382778       -614.302
           4330         383778       -614.302
           4340         384778       -614.302
           4350         385702       -614.302
           4360         386702       -614.302
           4370         387663       -614.302
           4380         388663       -637.772
           4390         389663       -614.302
           4400         390663       -614.302
           4410         391663       -629.603
           4420         392663       -629.603
           4430         393663       -584.639
           4440         394663       -584.639
           4450         395663       -584.639
           4460         396663       -584.639
           4470         397663       -584.639
           4480         398663       -584.639
           4490         399591       -584.639
           4500         400591       -584.639
           4510         401591       -584.639
           4520         402591       -584.639
           4530         403591       -584.639
           4540         404591       -584.639
           4550         405591       -584.639
           4560         406591       -584.639
           4570         407591       -584.639
           4580         408591       -584.639
           4590         409591       -584.639
           4600         410591       -584.639
           4610         411591       -584.639
           4620         412591       -584.639
           4630         413591       -584.639
           4640         414591       -629.603
           4650         415591       -629.603
           4660         416591       -629.603
           4670         417517       -629.603
           4680         418517       -629.603
           4690         419517       -673.625
           4700         420517       -629.603
           4710         421517       -629.603
           4720         422517       -629.603
           4730         423517       -629.603
           4740         424517       -629.603
           4750         425517       -629.603
           4760         426517       -629.603
           4770         427449       -629.603
           4780         428449       -629.603
           4790         429449       -629.603
           4800         430449       -629.603
           4810         431449       -629.603
           4820         432449       -629.603
           4830         433449       -629.603
           4840         434449       -650.231
           4850         435449       -629.603
           4860         436449       -629.603
           4870         437449       -629.603
           4880         438449       -629.603
           4890         439449       -629.603
           4900         440449       -629.603
           4910         441449       -629.603
           4920         442449       -629.603
           4930         443379       -614.302
           4940         444379       -614.302
           4950         445379       -614.302
           4960         446379       -614.302
           4970         447379       -614.302
           4980         448379       -614.302
           4990         449379       -614.302
           5000         450379       -614.302
           5010         451379       -614.302
           5020         452379       -614.302
           5030         453379       -614.302
           5040         454379       -614.302
           5050         455379       -614.302
           5060         456379       -614.302
           5070         457379       -614.302
           5080         458379       -614.302
           5090         459379       -614.302
           5100         460379       -614.302
           5110         461378       -614.302
           5120         462378       -614.302
           5130         463378       -614.302
           5140         464378       -614.302
           5150         465311       -614.302
           5160         466311       -614.302
           5170         467311       -614.302
           5180         468311       -614.302
           5190         469311       -614.302
           5200         470311       -614.302
           5210         471311       -614.302
           5220         472311       -614.302
           5230         473311       -614.302
           5240         474311       -614.302
           5250         475311       -614.302
           5260         476311       -614.302
           5270         477311       -614.302
           5280         478311       -614.302
           5290         479311       -614.302
           5300         480311       -614.302
           5310         481311       -614.302
           5320         482311       -614.302
           5330         483311       -614.302
           5340         484311       -614.302
           5350         485311       -614.302
           5360         486311       -614.302
           5370         487311       -614.302
           5380         488311       -614.302
           5390         489311       -614.302
           5400         490311       -614.302
           5410         491311       -614.302
           5420         492311       -614.302
           5430         493311       -614.302
           5440         494311       -614.302
           5450         495311       -614.302
           5460         496311       -614.302
           5470         497311       -614.302
           5480         498311       -614.302
           5490         499311       -614.302
