             10            733      -4934.802
             20           1455      -3517.986
             30           2090      -3568.229
             40           3027      -2697.817
             50           3779      -5674.352
             60           4698      -5233.132
             70           5568      -5463.543
             80           6459      -5764.367
             90           7371      -5133.471
            100           8299      -5723.628
            110           9260      -6156.041
            120          10222      -6044.702
            130          11202      -5986.130
            140          12059      -4444.191
            150          13057      -5472.853
            160          13963      -6245.995
            170          14960      -5156.375
            180          15879      -6298.623
            190          16802      -3767.576
            200          17802      -6366.635
            210          18786      -5975.065
            220          19769      -3418.852
            230          20736      -6992.523
            240          21519      -4711.145
            250          22393      -6075.954
            260          23374      -7238.998
            270          24356      -6164.781
            280          25286      -6148.145
            290          26246      -5567.270
            300          27246      -7862.118
            310          28191      -5107.913
            320          29191      -5601.190
            330          30191      -6165.153
            340          31090      -4782.288
            350          32005      -5534.287
            360          32952      -6279.454
            370          33933      -6157.633
            380          34915      -6917.915
            390          35903      -4934.802
            400          36850      -5604.589
            410          37842      -2633.153
            420          38842      -5666.571
            430          39769      -6171.873
            440          40733      -6268.641
            450          41707      -6761.655
            460          42707      -7396.013
            470          43650      -4447.516
            480          44620      -6565.212
            490          45580      -6376.466
            500          46580      -5758.727
            510          47516      -5153.692
            520          48516      -4041.522
            530          49461      -5278.609
            540          50399      -6683.665
            550          51338      -6222.256
            560          52326      -5766.852
            570          53272      -5932.660
            580          54140      -5320.583
            590          55000      -5534.519
            600          55827      -4316.698
            610          56714      -5477.964
            620          57408      -5269.401
            630          58188      -4408.410
            640          58949      -2590.829
            650          59753      -6691.355
            660          60593      -2355.307
            670          61382      -5941.088
            680          62195      -5806.440
            690          62946      -5484.775
            700          63800      -2063.006
            710          64547      -2261.712
            720          65341      -2101.905
            730          66135      -2208.132
            740          66801      -2151.963
            750          67482      -2218.766
            760          68098      -2184.049
            770          68829      -2738.068
            780          69555      -5064.763
            790          70373      -3654.885
            800          71216      -4770.835
            810          71961      -5664.238
            820          72804      -5799.527
            830          73533      -4882.732
            840          74314      -3819.941
            850          75000      -5396.331
            860          75772      -1030.526
            870          76465      -3818.039
            880          77225      -2900.539
            890          78045      -2798.523
            900          78832      -1050.658
            910          79575      -6205.051
            920          80239      -4165.097
            930          80998      -2063.982
            940          81718      -2176.518
            950          82437      -3018.963
            960          83211      -1019.709
            970          83843      -2737.743
            980          84662       -999.561
            990          85289      -1180.210
           1000          86028      -5019.457
           1010          86872       -975.937
           1020          87690      -2273.863
           1030          88448      -2426.187
           1040          89133      -1054.175
           1050          89733      -3395.222
           1060          90425       -995.641
           1070          91263      -1054.393
           1080          91865       -943.230
           1090          92551      -4062.320
           1100          93322      -2770.108
           1110          93975      -2836.651
           1120          94646      -1169.277
           1130          95384      -1017.368
           1140          96004      -5021.580
           1150          96517      -4706.106
           1160          97269      -4433.042
           1170          97818      -1111.453
           1180          98398      -1012.244
           1190          99156      -1008.599
           1200          99751       -991.359
           1210         100407      -3485.669
           1220         101003       -949.871
           1230         101753      -2584.671
           1240         102324      -1107.174
           1250         102877       -997.379
           1260         103514      -1035.781
           1270         104161      -1056.282
           1280         104760      -3677.612
           1290         105480       -977.385
           1300         106169       -951.607
           1310         106869      -1088.950
           1320         107591      -2112.581
           1330         108382       -763.462
           1340         109018      -5781.545
           1350         109790      -2583.891
           1360         110481      -5274.697
           1370         111347       -993.797
           1380         111984      -2458.599
           1390         112602      -1005.385
           1400         113324       -987.120
           1410         114048       -942.102
           1420         114739      -2939.901
           1430         115380       -986.364
           1440         116104      -1069.060
           1450         116715       -934.932
           1460         117338      -1015.399
           1470         118095      -1260.263
           1480         118726      -1022.187
           1490         119194      -1025.811
           1500         119828      -4229.061
           1510         120345       -954.094
           1520         121129      -1048.824
           1530         121935       -738.059
           1540         122770       -689.498
           1550         123647       -689.498
           1560         124555       -653.492
           1570         125320      -2028.985
           1580         126161       -663.015
           1590         127068       -643.530
           1600         127939       -663.015
           1610         128795       -671.863
           1620         129721       -663.945
           1630         130620       -652.611
           1640         131620       -815.481
           1650         132500       -718.424
           1660         133275      -1084.223
           1670         133990       -673.488
           1680         134705       -977.279
           1690         135504       -681.645
           1700         136334       -694.560
           1710         137232       -655.336
           1720         138119       -652.611
           1730         139002       -778.921
           1740         139834      -2927.684
           1750         140786       -661.434
           1760         141647       -661.434
           1770         142494       -974.759
           1780         143411       -974.759
           1790         144356       -680.204
           1800         145286       -661.610
           1810         146144       -653.492
           1820         146970       -653.492
           1830         147911       -672.329
           1840         148862       -672.329
           1850         149740       -672.328
           1860         150740       -672.329
           1870         151681       -672.329
           1880         152622       -672.329
           1890         153582       -672.329
           1900         154541       -674.290
           1910         155403       -674.290
           1920         156295       -672.328
           1930         157152       -692.531
           1940         158094       -697.464
           1950         159062       -860.813
           1960         160062      -2872.643
           1970         161037      -2113.516
           1980         161857       -814.656
           1990         162617       -974.112
           2000         163332      -1004.129
           2010         164301       -653.217
           2020         165078       -680.999
           2030         165907       -709.472
           2040         166774       -825.061
           2050         167599       -654.281
           2060         168429       -661.610
           2070         169291       -661.610
           2080         170026       -661.610
           2090         171004       -661.610
           2100         171926       -661.610
           2110         172926       -661.610
           2120         173883       -672.329
           2130         174833       -672.329
           2140         175822       -672.329
           2150         176694       -672.329
           2160         177572       -672.328
           2170         178568       -672.328
           2180         179431       -681.189
           2190         180337       -672.328
           2200         181218       -672.328
           2210         182125       -672.328
           2220         183125       -672.328
           2230         184085       -684.225
           2240         184949       -672.328
           2250         185949       -751.585
           2260         186930       -672.328
           2270         187879       -681.189
           2280         188879       -684.225
           2290         189879       -672.328
           2300         190866       -785.359
           2310         191866       -652.596
           2320         192723       -652.596
           2330         193704       -652.596
           2340         194704       -652.596
           2350         195704       -652.886
           2360         196686       -652.886
           2370         197618       -652.886
           2380         198618       -643.307
           2390         199597       -643.307
           2400         200597       -643.307
           2410         201527       -643.307
           2420         202461       -643.307
           2430         203275       -643.307
           2440         204275       -643.307
           2450         205275       -643.307
           2460         206270       -643.307
           2470         207270       -682.864
           2480         208270       -682.864
           2490         209148       -756.355
           2500         210122       -682.864
           2510         211071       -671.221
           2520         211970       -682.864
           2530         212970       -652.739
           2540         213902       -693.499
           2550         214902       -693.499
           2560         215855       -682.864
           2570         216740       -682.864
           2580         217696       -682.864
           2590         218696       -682.864
           2600         219696       -652.110
           2610         220696       -652.110
           2620         221696       -652.110
           2630         222696       -652.110
           2640         223632       -652.110
           2650         224517       -696.354
           2660         225419       -652.110
           2670         226367       -652.110
           2680         227355       -652.110
           2690         228293       -652.110
           2700         229293       -652.110
           2710         230187       -652.110
           2720         231106       -670.994
           2730         232106       -670.994
           2740         233106       -700.912
           2750         233995       -721.278
           2760         234929       -778.921
           2770         235929       -689.404
           2780         236900       -689.404
           2790         237881       -672.930
           2800         238706       -652.611
           2810         239706       -652.611
           2820         240643       -652.611
           2830         241632       -652.611
           2840         242632       -652.611
           2850         243571       -690.271
           2860         244511       -690.271
           2870         245482       -778.921
           2880         246482       -672.930
           2890         247374       -672.930
           2900         248287       -652.611
           2910         249287       -652.611
           2920         250287       -652.611
           2930         251287       -652.611
           2940         252220       -652.611
           2950         253220       -652.611
           2960         254159       -652.611
           2970         255159       -652.611
           2980         256003       -652.611
           2990         256954       -652.611
           3000         257954       -652.611
           3010         258892       -652.611
           3020         259892       -652.611
           3030         260892       -806.721
           3040         261774       -679.661
           3050         262632       -652.611
           3060         263632       -652.611
           3070         264632       -652.611
           3080         265632       -652.611
           3090         266562       -690.763
           3100         267562       -652.611
           3110         268557       -652.611
           3120         269517       -652.611
           3130         270517       -652.611
           3140         271472       -652.611
           3150         272472       -652.611
           3160         273472       -652.611
           3170         274472       -778.921
           3180         275427       -652.611
           3190         276427       -652.611
           3200         277349       -652.611
           3210         278239       -652.611
           3220         279145       -652.611
           3230         280085       -652.611
           3240         281085       -652.611
           3250         282025       -652.611
           3260         282954       -652.611
           3270         283954       -652.611
           3280         284934       -652.611
           3290         285934       -652.611
           3300         286934       -652.611
           3310         287934       -652.611
           3320         288934       -652.611
           3330         289934       -652.611
           3340         290882       -652.611
           3350         291806       -652.611
           3360         292806       -652.611
           3370         293806       -683.895
           3380         294806       -652.611
           3390         295806       -652.611
           3400         296806       -652.611
           3410         297806       -652.611
           3420         298747       -652.611
           3430         299705       -652.611
           3440         300705       -652.611
           3450         301705       -652.611
           3460         302705       -652.611
           3470         303657       -652.611
           3480         304592       -652.611
           3490         305592       -652.611
           3500         306592       -652.611
           3510         307592       -652.611
           3520         308507       -652.611
           3530         309507       -652.611
           3540         310507       -652.611
           3550         311507       -652.611
           3560         312507       -652.611
           3570         313439       -652.611
           3580         314425       -652.611
           3590         315425       -652.611
           3600         316425       -652.611
           3610         317425       -652.611
           3620         318357       -652.611
           3630         319357       -652.611
           3640         320357       -652.611
           3650         321357       -652.611
           3660         322357       -652.611
           3670         323289       -652.611
           3680         324289       -652.611
           3690         325289       -652.611
           3700         326289       -652.611
           3710         327234       -652.611
           3720         328234       -652.611
           3730         329234       -652.611
           3740         330234       -652.611
           3750         331234       -672.930
           3760         332138       -672.930
           3770         333138       -652.611
           3780         334138       -652.611
           3790         335138       -652.611
           3800         336138       -652.611
           3810         337138       -652.611
           3820         338067       -652.611
           3830         339067       -652.611
           3840         340067       -652.611
           3850         341012       -652.611
           3860         342012       -652.611
           3870         343012       -652.611
           3880         344012       -778.921
           3890         345012       -652.611
           3900         346012       -652.611
           3910         347012       -652.611
           3920         348012       -652.611
           3930         349012       -652.611
           3940         350012       -672.930
           3950         351012       -652.611
           3960         352012       -652.611
           3970         353012       -690.763
           3980         354012       -652.611
           3990         354941       -652.611
           4000         355941       -652.611
           4010         356941       -778.921
           4020         357941       -652.611
           4030         358889       -652.611
           4040         359889       -690.271
           4050         360889       -701.015
           4060         361889       -701.015
           4070         362872       -652.611
           4080         363872       -652.611
           4090         364872       -672.605
           4100         365814       -652.611
           4110         366814       -683.895
           4120         367814       -652.611
           4130         368814       -652.611
           4140         369722       -652.611
           4150         370649       -652.611
           4160         371649       -652.611
           4170         372649       -652.611
           4180         373649       -652.611
           4190         374649       -652.611
           4200         375649       -652.611
           4210         376649       -652.611
           4220         377598       -652.611
           4230         378598       -652.611
           4240         379546       -652.611
           4250         380472       -652.611
           4260         381401       -652.611
           4270         382401       -652.611
           4280         383401       -652.611
           4290         384401       -652.611
           4300         385401       -652.611
           4310         386401       -652.611
           4320         387401       -652.611
           4330         388401       -652.611
           4340         389401       -652.611
           4350         390401       -652.611
           4360         391401       -652.611
           4370         392329       -652.611
           4380         393329       -652.611
           4390         394329       -652.611
           4400         395329       -652.611
           4410         396329       -652.611
           4420         397329       -652.611
           4430         398329       -652.611
           4440         399329       -652.611
           4450         400329       -652.611
           4460         401329       -652.611
           4470         402329       -652.611
           4480         403329       -652.611
           4490         404329       -652.611
           4500         405281       -652.611
           4510         406213       -652.611
           4520         407144       -652.611
           4530         408144       -652.611
           4540         409144       -652.611
           4550         410144       -652.611
           4560         411098       -652.611
           4570         412098       -652.611
           4580         413065       -652.611
           4590         414065       -652.611
           4600         415065       -652.611
           4610         416065       -652.611
           4620         417065       -652.611
           4630         418065       -652.611
           4640         419065       -652.611
           4650         420065       -652.611
           4660         421065       -652.611
           4670         422065       -652.611
           4680         423065       -652.611
           4690         424065       -652.611
           4700         425065       -652.611
           4710         426065       -652.611
           4720         427065       -652.611
           4730         428065       -652.611
           4740         429065       -652.611
           4750         430065       -679.661
           4760         431065       -652.611
           4770         432065       -652.611
           4780         433065       -652.611
           4790         434065       -652.611
           4800         435065       -652.611
           4810         436065       -652.611
           4820         437014       -652.611
           4830         438014       -652.611
           4840         438974       -652.611
           4850         439974       -652.611
           4860         440974       -652.611
           4870         441974       -652.611
           4880         442974       -652.611
           4890         443974       -652.611
           4900         444974       -652.611
           4910         445974       -652.611
           4920         446974       -652.611
           4930         447974       -652.611
           4940         448974       -652.611
           4950         449974       -652.611
           4960         450974       -652.611
           4970         451905       -652.611
           4980         452905       -652.611
           4990         453905       -652.611
           5000         454905       -652.611
           5010         455905       -652.611
           5020         456905       -652.611
           5030         457905       -652.611
           5040         458905       -652.611
           5050         459905       -652.611
           5060         460905       -652.611
           5070         461905       -652.611
           5080         462838       -652.611
           5090         463838       -652.611
           5100         464838       -652.611
           5110         465838       -652.611
           5120         466838       -652.611
           5130         467838       -652.611
           5140         468838       -652.611
           5150         469838       -652.611
           5160         470838       -652.611
           5170         471838       -652.611
           5180         472838       -652.611
           5190         473838       -652.611
           5200         474838       -652.611
           5210         475838       -652.611
           5220         476838       -652.611
           5230         477838       -652.611
           5240         478838       -652.611
           5250         479838       -652.611
           5260         480838       -652.611
           5270         481838       -652.611
           5280         482838       -652.611
           5290         483838       -652.611
           5300         484838       -652.611
           5310         485838       -652.611
           5320         486838       -652.611
           5330         487838       -652.611
           5340         488838       -652.611
           5350         489838       -652.611
           5360         490838       -652.611
           5370         491838       -652.611
           5380         492838       -652.611
           5390         493838       -652.611
           5400         494838       -652.611
           5410         495838       -652.611
           5420         496838       -652.611
           5430         497838       -652.611
           5440         498838       -652.611
           5450         499838       -652.611
