             10            178      -1146.378
             20            390      -4934.802
             30            633      -1087.217
             40            970      -2714.468
             50           1370       -977.331
             60           1789      -3931.259
             70           2348      -2783.302
             80           2826      -4745.148
             90           3472      -2311.146
            100           4079      -2147.755
            110           4658      -5570.402
            120           5340      -3469.650
            130           6098      -4532.795
            140           6786      -2237.265
            150           7512      -5991.068
            160           8299      -2431.304
            170           9096      -6440.930
            180           9753      -5253.318
            190          10700      -3888.158
            200          11266      -5584.704
            210          12091      -6957.916
            220          12883      -6027.838
            230          13785      -6639.142
            240          14590      -5155.116
            250          15223      -5921.064
            260          16010      -5351.724
            270          16796      -2170.869
            280          17578      -3057.177
            290          18375      -4310.076
            300          19241      -6832.559
            310          20127      -5868.694
            320          21015      -6019.598
            330          21738      -5741.297
            340          22516      -6717.976
            350          23425      -5926.835
            360          24283      -6949.584
            370          25173      -6165.832
            380          25962      -3680.457
            390          26806       -828.547
            400          27466      -3750.390
            410          28296      -3731.373
            420          29057      -6495.768
            430          29979      -8079.226
            440          30759      -6940.265
            450          31629      -9680.635
            460          32457      -8859.788
            470          33381      -7442.673
            480          34203      -4110.275
            490          34842      -2855.014
            500          35602      -6868.187
            510          36282      -5624.493
            520          37029      -6804.289
            530          37936      -7418.706
            540          38427      -5295.548
            550          39177      -2148.264
            560          39742      -2775.798
            570          40521      -2065.064
            580          40959      -3299.149
            590          41626       -888.309
            600          42257      -4238.544
            610          42830       -843.958
            620          43459       -807.277
            630          44023      -3227.738
            640          44499      -1643.901
            650          45049       -834.626
            660          45664      -5394.809
            670          46265      -5487.273
            680          46756      -5364.192
            690          47566      -3926.684
            700          48263      -3314.096
            710          49025      -2602.419
            720          49500       -787.913
            730          50072      -4559.109
            740          50588      -2280.553
            750          50933      -3949.191
            760          51607       -934.855
            770          52166      -3641.869
            780          52722       -932.966
            790          53251      -2455.327
            800          53801      -6105.086
            810          54203       -723.429
            820          54866      -2159.797
            830          55341      -1964.562
            840          55796      -2047.260
            850          56301      -3516.470
            860          56846      -1077.746
            870          57357       -950.777
            880          57917      -1665.862
            890          58442      -2647.128
            900          59181      -3688.557
            910          59869       -781.084
            920          60348      -2439.940
            930          60845       -885.216
            940          61236       -885.216
            950          61620      -2007.009
            960          62436      -5806.361
            970          62942      -2405.623
            980          63534      -1034.780
            990          63886      -4625.347
           1000          64541       -803.624
           1010          65170      -1017.414
           1020          65605       -914.951
           1030          66025      -1838.942
           1040          66449       -803.693
           1050          66941      -2671.152
           1060          67683      -2036.175
           1070          68347       -926.787
           1080          68979       -814.737
           1090          69419      -3749.593
           1100          69888      -5233.989
           1110          70419      -2153.217
           1120          71017      -1895.977
           1130          71677      -1789.303
           1140          72088      -1919.810
           1150          72591      -1919.810
           1160          73059       -861.024
           1170          73436      -2522.997
           1180          74020       -937.336
           1190          74481      -2920.789
           1200          74910      -2295.721
           1210          75413       -941.726
           1220          75785       -815.289
           1230          76270       -776.994
           1240          76671       -967.956
           1250          77084       -807.196
           1260          77608       -843.536
           1270          78107       -880.692
           1280          78696       -825.429
           1290          79218      -2224.285
           1300          79774      -3828.859
           1310          80171       -963.119
           1320          80687       -863.617
           1330          81200       -896.071
           1340          81858      -1014.671
           1350          82204      -1018.466
           1360          82616       -848.718
           1370          83115      -2681.915
           1380          83761       -980.960
           1390          84217      -4249.243
           1400          84877      -3361.075
           1410          85560      -2782.938
           1420          86157      -3723.161
           1430          86779       -802.587
           1440          87377      -3771.834
           1450          88105      -2372.563
           1460          88675       -883.341
           1470          89268      -2606.415
           1480          89631      -2696.303
           1490          90249      -3763.606
           1500          90907       -869.538
           1510          91441       -810.795
           1520          91911      -3780.491
           1530          92377       -533.219
           1540          92888       -751.304
           1550          93282      -1892.489
           1560          93728      -1742.125
           1570          94234       -952.624
           1580          94742      -2174.574
           1590          95291      -2657.063
           1600          95963      -2705.849
           1610          96444      -2029.613
           1620          96942       -939.685
           1630          97586      -1047.452
           1640          98171       -790.034
           1650          98627       -940.910
           1660          99178       -794.888
           1670          99672      -1058.622
           1680         100371      -1599.727
           1690         100962      -3485.212
           1700         101626      -3033.438
           1710         102274       -932.092
           1720         102871      -1085.333
           1730         103545      -2863.834
           1740         104035       -970.160
           1750         104579       -553.175
           1760         105483       -587.646
           1770         106041      -2689.741
           1780         106456       -786.154
           1790         107223      -2068.326
           1800         107835      -2044.536
           1810         108611      -1945.195
           1820         109482       -732.995
           1830         110196       -732.995
           1840         110935       -470.466
           1850         111695       -486.263
           1860         112417       -545.152
           1870         113314       -503.172
           1880         114240       -529.484
           1890         115120       -472.921
           1900         115876       -472.921
           1910         116640       -504.359
           1920         117464       -504.359
           1930         118464       -486.753
           1940         119438       -486.753
           1950         120299       -484.385
           1960         121172       -481.361
           1970         122161       -481.361
           1980         122948       -473.650
           1990         123891       -486.511
           2000         124831       -486.511
           2010         125831       -484.006
           2020         126720       -484.006
           2030         127617       -486.511
           2040         128459       -486.511
           2050         129425       -484.006
           2060         130425       -484.006
           2070         131382       -541.430
           2080         132206       -505.426
           2090         133206       -467.136
           2100         134087       -467.136
           2110         135057       -467.136
           2120         136026       -467.136
           2130         136951       -467.136
           2140         137941       -467.136
           2150         138941       -467.136
           2160         139922       -505.426
           2170         140836       -484.006
           2180         141836       -465.842
           2190         142637       -465.842
           2200         143444       -465.842
           2210         144444       -485.143
           2220         145384       -465.842
           2230         146364       -465.842
           2240         147292       -465.842
           2250         148211       -465.842
           2260         149064       -465.842
           2270         150064       -465.842
           2280         150980       -465.842
           2290         151980       -465.842
           2300         152914       -465.842
           2310         153914       -465.842
           2320         154835       -465.842
           2330         155783       -467.266
           2340         156760       -491.163
           2350         157747       -460.796
           2360         158745       -486.877
           2370         159677       -486.877
           2380         160677       -485.143
           2390         161675       -466.584
           2400         162597       -488.428
           2410         163522       -477.466
           2420         164522       -506.475
           2430         165439       -477.466
           2440         166382       -477.466
           2450         167382       -470.484
           2460         168302       -470.484
           2470         169279       -489.345
           2480         170279       -489.345
           2490         171229       -477.466
           2500         172152       -481.995
           2510         173152       -481.995
           2520         174120       -477.466
           2530         175120       -477.466
           2540         176120       -477.466
           2550         177044       -477.466
           2560         177835       -516.421
           2570         178835       -505.607
           2580         179833       -505.607
           2590         180833       -504.631
           2600         181833       -505.607
           2610         182799       -505.607
           2620         183799       -505.607
           2630         184754       -505.607
           2640         185729       -505.607
           2650         186647       -481.995
           2660         187647       -481.995
           2670         188597       -481.995
           2680         189597       -477.466
           2690         190596       -477.466
           2700         191564       -477.466
           2710         192564       -477.466
           2720         193509       -477.466
           2730         194509       -477.466
           2740         195509       -476.330
           2750         196474       -462.263
           2760         197474       -477.009
           2770         198474       -477.009
           2780         199316       -477.009
           2790         200316       -488.428
           2800         201284       -488.428
           2810         202279       -488.428
           2820         203176       -488.428
           2830         204176       -488.428
           2840         205147       -477.466
           2850         206147       -477.466
           2860         207147       -505.607
           2870         208147       -505.607
           2880         209147       -543.266
           2890         210147       -487.212
           2900         211147       -477.466
           2910         212147       -505.607
           2920         213147       -505.607
           2930         214147       -505.607
           2940         215000       -505.607
           2950         215996       -530.588
           2960         216910       -505.607
           2970         217839       -505.607
           2980         218839       -505.607
           2990         219682       -477.466
           3000         220656       -481.995
           3010         221599       -477.466
           3020         222599       -477.466
           3030         223599       -477.466
           3040         224475       -477.466
           3050         225475       -477.466
           3060         226475       -477.466
           3070         227431       -477.466
           3080         228431       -477.466
           3090         229353       -485.559
           3100         230353       -505.607
           3110         231353       -505.607
           3120         232302       -485.559
           3130         233302       -486.045
           3140         234226       -496.253
           3150         235209       -494.869
           3160         236209       -494.869
           3170         237209       -489.228
           3180         238204       -489.228
           3190         239204       -489.228
           3200         240204       -489.228
           3210         241204       -496.253
           3220         242130       -489.957
           3230         243051       -478.163
           3240         244051       -481.995
           3250         244988       -498.657
           3260         245988       -498.657
           3270         246988       -498.657
           3280         247988       -477.466
           3290         248988       -477.466
           3300         249988       -477.466
           3310         250988       -477.466
           3320         251908       -505.607
           3330         252908       -506.313
           3340         253908       -476.330
           3350         254908       -500.989
           3360         255908       -505.672
           3370         256843       -477.466
           3380         257843       -477.466
           3390         258843       -477.466
           3400         259843       -477.466
           3410         260843       -477.466
           3420         261843       -477.466
           3430         262784       -477.466
           3440         263784       -477.466
           3450         264784       -477.466
           3460         265784       -485.657
           3470         266784       -485.657
           3480         267744       -485.657
           3490         268744       -511.746
           3500         269744       -484.956
           3510         270744       -548.715
           3520         271744       -482.807
           3530         272744       -477.466
           3540         273590       -477.466
           3550         274590       -477.466
           3560         275533       -466.584
           3570         276533       -466.584
           3580         277533      -1240.297
           3590         278533       -477.466
           3600         279533       -477.466
           3610         280533       -477.466
           3620         281533       -498.657
           3630         282533       -477.466
           3640         283533       -477.466
           3650         284509       -498.657
           3660         285509       -527.144
           3670         286480       -517.788
           3680         287406       -517.788
           3690         288406       -497.135
           3700         289406       -497.135
           3710         290406       -522.974
           3720         291406       -497.135
           3730         292406       -537.892
           3740         293406       -564.631
           3750         294406      -3568.854
           3760         295406       -481.995
           3770         296376       -481.995
           3780         297376       -481.995
           3790         298305       -481.995
           3800         299244       -481.995
           3810         300221       -441.751
           3820         301221       -441.751
           3830         302221       -482.104
           3840         303221       -482.104
           3850         304221       -442.747
           3860         305144       -442.747
           3870         306091       -474.811
           3880         307043       -474.134
           3890         308043       -482.104
           3900         309043       -482.104
           3910         310043       -474.134
           3920         311043       -474.134
           3930         312043       -474.134
           3940         313043       -474.134
           3950         314043       -482.104
           3960         315043       -482.104
           3970         316043       -482.104
           3980         317015       -482.104
           3990         318015       -471.369
           4000         319015       -441.751
           4010         320015       -441.751
           4020         321015       -441.751
           4030         322015       -441.751
           4040         323015       -441.751
           4050         324015       -441.751
           4060         325015       -441.751
           4070         326015       -441.751
           4080         327015       -441.751
           4090         328015       -441.751
           4100         329015       -441.751
           4110         330015       -441.751
           4120         331015       -441.751
           4130         332015       -441.751
           4140         333009       -451.278
           4150         334009       -461.585
           4160         334969       -451.278
           4170         335969       -451.278
           4180         336969       -441.751
           4190         337969       -441.751
           4200         338969       -451.278
           4210         339969       -451.278
           4220         340926       -451.278
           4230         341926       -451.278
           4240         342926       -441.751
           4250         343926       -441.751
           4260         344926       -441.751
           4270         345926       -441.751
           4280         346926       -441.751
           4290         347926       -441.751
           4300         348926       -442.747
           4310         349926       -442.747
           4320         350926       -509.405
           4330         351876       -497.657
           4340         352876       -497.657
           4350         353843       -497.657
           4360         354843       -497.657
           4370         355843       -550.299
           4380         356843       -441.751
           4390         357843       -497.099
           4400         358843       -497.099
           4410         359843       -497.099
           4420         360843       -497.099
           4430         361800       -484.638
           4440         362800       -497.099
           4450         363800       -497.099
           4460         364800       -497.099
           4470         365800       -497.099
           4480         366800       -497.099
           4490         367800       -497.099
           4500         368800       -497.099
           4510         369800       -497.099
           4520         370800       -497.099
           4530         371800       -484.638
           4540         372800       -484.638
           4550         373800       -484.638
           4560         374800       -484.638
           4570         375800       -484.638
           4580         376800       -484.638
           4590         377800       -441.751
           4600         378800       -441.751
           4610         379800       -482.104
           4620         380800       -482.104
           4630         381800       -482.104
           4640         382800       -482.104
           4650         383800       -441.751
           4660         384800       -441.751
           4670         385800       -441.751
           4680         386800       -441.751
           4690         387800       -441.751
           4700         388800       -441.751
           4710         389800       -441.751
           4720         390800       -441.751
           4730         391800       -441.751
           4740         392800       -441.751
           4750         393800       -441.751
           4760         394800       -441.751
           4770         395800       -441.751
           4780         396800       -441.751
           4790         397800       -441.751
           4800         398800       -441.751
           4810         399800       -441.751
           4820         400800       -441.751
           4830         401800       -441.751
           4840         402800       -441.751
           4850         403800       -441.751
           4860         404800       -441.751
           4870         405800       -441.751
           4880         406800       -441.751
           4890         407800       -441.751
           4900         408800       -441.751
           4910         409800       -441.751
           4920         410783       -441.751
           4930         411783       -441.751
           4940         412783       -441.751
           4950         413783       -441.751
           4960         414719       -441.751
           4970         415719       -441.751
           4980         416719       -441.751
           4990         417719       -441.751
           5000         418719       -441.751
           5010         419665       -441.751
           5020         420665       -441.751
           5030         421665       -441.751
           5040         422665       -441.751
           5050         423665       -441.751
           5060         424665       -441.751
           5070         425665       -441.751
           5080         426665       -441.751
           5090         427665       -441.751
           5100         428665       -441.751
           5110         429665       -441.751
           5120         430665       -441.751
           5130         431665       -441.751
           5140         432665       -441.751
           5150         433665       -441.751
           5160         434665       -441.751
           5170         435665       -441.751
           5180         436665       -441.751
           5190         437665       -441.751
           5200         438665       -482.104
           5210         439665       -482.104
           5220         440665       -482.104
           5230         441665       -441.751
           5240         442665       -442.747
           5250         443590       -442.747
           5260         444590       -442.747
           5270         445590       -442.747
           5280         446590       -442.747
           5290         447590       -441.751
           5300         448590       -441.751
           5310         449590       -441.751
           5320         450590       -441.751
           5330         451590       -441.751
           5340         452590       -441.751
           5350         453590       -441.751
           5360         454590       -441.751
           5370         455590       -441.751
           5380         456590       -441.751
           5390         457590       -441.751
           5400         458590       -441.751
           5410         459590       -441.751
           5420         460590       -441.751
           5430         461590       -441.751
           5440         462590       -441.751
           5450         463590       -441.751
           5460         464590       -441.751
           5470         465590       -441.751
           5480         466590       -441.751
           5490         467590       -441.751
           5500         468590       -441.751
           5510         469590       -441.751
           5520         470590       -441.751
           5530         471590       -441.751
           5540         472590       -441.751
           5550         473590       -441.751
           5560         474590       -441.751
           5570         475590       -441.751
           5580         476590       -441.751
           5590         477590       -441.751
           5600         478590       -441.751
           5610         479590       -441.751
           5620         480590       -441.751
           5630         481590       -441.751
           5640         482590       -441.751
           5650         483590       -441.751
           5660         484590       -441.751
           5670         485590       -441.751
           5680         486590       -441.751
           5690         487590       -441.751
           5700         488590       -441.751
           5710         489590       -441.751
           5720         490590       -441.751
           5730         491590       -441.751
           5740         492590       -441.751
           5750         493590       -441.751
           5760         494590       -441.751
           5770         495590       -441.751
           5780         496590       -441.751
           5790         497590       -441.751
           5800         498590       -441.751
           5810         499590       -441.751
