0.000209237742596 0.056828298137 0.0450804131245 3.17955586424e-06 0.0519576504592 9.87434018852
0.000220903964328 0.0563131582253 0.0426393534523 3.40617080407e-06 0.0536695322169 9.96359833275
0.000213930360639 0.0514346226956 0.042772335399 3.60199590232e-06 0.0550447054853 9.88566873187
0.000214104853307 0.0536494338014 0.0463913759794 3.47450731099e-06 0.0526570267079 10.71554195
0.000202768964429 0.0486109845541 0.0458055313261 3.80306698495e-06 0.0558233391248 9.95213775009
0.000194617668106 0.0533531343237 0.0434002089698 4.05173359741e-06 0.0607292714938 10.6834803451
0.000180072856091 0.0495342731338 0.0428405865915 3.98962784152e-06 0.0631627829233 10.4607405725
0.000197532841011 0.0519209646342 0.0387169560228 4.37235595225e-06 0.0602301229017 11.469257925
0.000199606079476 0.0520683152255 0.0357808905341 4.63143855016e-06 0.0563161315585 10.8176306437
0.000186467164033 0.0490395187574 0.0328361498909 4.90923040834e-06 0.0616044323184 10.963393234
0.000200415151057 0.0535259681939 0.031792484079 5.32688791071e-06 0.0573450788269 10.4382542675
0.000190056789633 0.0511903206213 0.0342368824167 5.81897318723e-06 0.0584895081195 10.8917314911
0.000185908392645 0.0513424664748 0.0361158907275 6.34044595269e-06 0.0614340297597 10.5834867693
0.000181863008974 0.0513034015429 0.0334510812838 6.2237613892e-06 0.0586645910136 11.0554154768
0.000196379812329 0.0478994973301 0.0366841902292 5.98545679252e-06 0.0575431264786 10.8053912339
0.000178167556785 0.0501261181766 0.0381183947063 6.39029229773e-06 0.0520060667451 11.8663979909
0.000181602621817 0.0468257108501 0.0349472558238 6.32570476921e-06 0.047818205105 12.7097192647
0.000193910397315 0.0457275967922 0.033957420594 6.08103741425e-06 0.0435365288753 12.3247238701
0.000182849607755 0.0480423962113 0.0345338777086 5.57286632913e-06 0.0423912530858 13.4285345619
0.000183599751172 0.0475382192384 0.0320447702044 5.80890642377e-06 0.0435812267399 12.568044471
0.000180518048049 0.0474110589462 0.0334510016959 6.31468075296e-06 0.042904741963 13.3587105703
0.000166664741989 0.0441389337216 0.0334219794313 6.29343597536e-06 0.0423974539482 12.4409673861
0.0001679413208 0.0458770926848 0.0317958390419 5.92365969923e-06 0.0396113907414 12.0701952815
0.00015575935916 0.0440590339284 0.0343993379509 5.9020447028e-06 0.0361943263608 12.1630428203
0.000143703022998 0.041844689273 0.0329593114572 5.93412303227e-06 0.0350913463476 12.6434643625
0.000129831017445 0.0384050158849 0.0356304225072 6.43124328672e-06 0.037806815434 12.8083389377
0.000136971435756 0.0348507107805 0.0321642247527 6.78097976945e-06 0.0351666419042 11.8126585033
0.000143212461069 0.0359349044526 0.0311171087836 7.01095823375e-06 0.0338612065784 11.7758972478
0.0001334769254 0.0354651560969 0.0290038311164 7.55026471368e-06 0.0316638701406 10.8887517292
0.000130607132144 0.0372304495454 0.0304173617325 7.60663240098e-06 0.0304195371132 11.8958842022
0.000139794991608 0.0337331495062 0.030639546589 6.98872807743e-06 0.0316624037237 11.8790166339
0.000126446286315 0.0321035632445 0.0285727831555 7.15672931392e-06 0.0318849460152 10.9599414022
0.000124520925398 0.0333630954458 0.0311791771709 6.84410193638e-06 0.0348769887665 11.4732403024
0.000134266964278 0.0341235241629 0.0313737792762 6.5278013402e-06 0.0377030077599 11.3194209105
0.000141438187409 0.0315884200791 0.0282721804748 7.12997094914e-06 0.0390945184859 11.1347182596
0.000133431699753 0.0290938467482 0.0255621202964 7.7414507519e-06 0.0394763654343 10.496400269
0.000141601831258 0.0270768496796 0.0274139215135 7.84504195215e-06 0.036107273425 10.4996776055
0.00013387791922 0.0266426492947 0.0283104064095 8.44934872895e-06 0.0360373002234 9.76580282512
0.000130247606216 0.0262982708531 0.0288299412689 9.16863717481e-06 0.0347341968327 9.68963733013
0.000130859967709 0.0266924734319 0.0304342324894 9.07706221495e-06 0.0314415809771 9.52510752455
0.00011844272764 0.0257502838577 0.0304401906375 8.94107739778e-06 0.0305241188743 9.50578455631
0.000114388544627 0.023855301659 0.0293123653105 8.42352028379e-06 0.0313582476349 9.77313750683
0.00010455509405 0.0246685770575 0.0305137960666 7.99304798003e-06 0.032720656272 10.6694749123
9.94567006186e-05 0.0269667814996 0.0321105194172 7.48015777022e-06 0.0309494295019 9.9980882166
9.32253576926e-05 0.0264231155283 0.0326155443883 7.45454021169e-06 0.0284379611524 9.37842065737
8.60441590367e-05 0.0253036468692 0.0315115628258 7.41186175894e-06 0.0282467465722 9.73131475288
8.26677714985e-05 0.0249056921446 0.0324287862168 6.84162638451e-06 0.0297595835163 8.92933504417
8.52586591031e-05 0.0242391249928 0.0296073167046 7.1345696787e-06 0.0311056168999 9.23327383627
9.19647685898e-05 0.0248518673584 0.0274523523485 6.62076565081e-06 0.033583382149 8.83924971289
8.30216066501e-05 0.0271931932337 0.0292662529968 6.88780655981e-06 0.0333955442435 8.77954132937
